"V1","V2","V3","V4","V5"
0.0459824843092368,0.0636631296326562,0.0295996611720169,2,3
-0.156668409358243,0.148461185253053,0.00040090554857898,0,1
0.0654527064736164,0.215265155942113,0.0169622323452725,3,2
-0.282280568858471,-0.0303023191297513,-0.0319764253080411,0,1
0.101251342254366,0.346513754639427,0.0763697192401351,0,2
-0.151082992110865,0.121887452274162,0.106076551723772,1,1
-0.166698774979147,0.0225795698730838,0.0384971586719551,1,1
-0.140105468938803,-0.0460419603038298,0.0310679479082253,1,1
-0.185911674794612,0.0421846714861993,-0.0155436999620759,1,1
-0.0446648239230745,0.0504563492882457,-0.0185658645858637,1,1
-0.180187121584289,-0.0749146146924075,-0.0379296691996458,1,1
-0.162696873409044,-0.0251798959278514,0.00949065324937621,1,1
-0.0880839557131732,0.0888065034832849,-0.0505372537916786,1,1
-0.242413936928354,-0.0110462202603938,-0.0111794958301718,1,1
-0.172897615005633,0.069030476161082,0.0240130683863334,1,1
-0.226807142290114,0.120852610993741,0.0239624854139358,1,1
-0.199485039217282,-0.0314243028024923,-0.0443491009740106,1,1
-0.186532578474637,0.0239969186784328,0.0360111620444937,1,1
-0.150696129546501,0.159765531890622,-0.0211589743244038,1,1
-0.164258499260028,0.0331706787743275,-0.0488392478102171,1,1
-0.104069767360252,0.0193340011425551,-0.0571461158213112,1,1
-0.273228024915753,0.0326553568560868,-0.0607711338219091,1,1
-0.21983107654151,-0.0662709423182376,-0.0148779625762047,1,1
-0.225530439113905,0.079843928518796,0.0286982178476508,1,1
-0.243521705855352,0.145387546977448,-0.0238586258995788,1,1
-0.153969044449124,-0.0187577164150288,0.0724723738227918,1,1
-0.12393376529215,0.0294659289736548,0.00531944503298993,1,1
-0.14421952754901,-0.0121667047013391,0.083746833345884,1,1
-0.0928998708171907,0.0280051638302481,0.00334417942877956,1,1
-0.109195839591573,0.107970655717867,0.0744480975723342,1,1
-0.115551062006446,0.0276715822056748,-0.02145634010356,1,1
-0.153386010088263,0.051264599500187,-0.00543822167917962,1,1
-0.154098981584421,0.0369843317089994,0.0561672123852035,1,1
-0.239835677235158,0.0573225906420752,0.0659193228551452,1,1
-0.194320581575214,0.0518829426833926,0.069801231839865,1,1
-0.0722300828969538,0.0774292553063461,-0.00173748863693683,1,1
-0.170946471407479,0.0483502551495003,0.0133644462642871,1,1
-0.246505693340582,0.0149070338260682,-0.0575031601787976,1,1
-0.16387155515591,0.0455488031205364,-0.0980490493460836,1,1
-0.154522434937283,0.109450099808274,0.0699797097446416,1,1
-0.228471121922182,0.0692107019995397,0.0845436133755569,1,1
-0.142747121711093,0.00245039602231391,-0.0467303685187827,1,1
-0.169273629336273,0.110861179632465,-0.012092225240765,1,1
-0.147890109040322,-0.00348065278554149,0.0694996562520489,1,1
-0.130603487845579,0.130520967813575,0.0140704335296108,1,1
-0.138819423187726,0.0610008982208597,0.000838213264466051,1,1
-0.0732843316342849,-0.0261243995447742,-0.0712791858191861,1,1
-0.177551375978012,0.145912226280917,0.0813597134280358,1,1
-0.0695468960282833,0.0176766118205714,-0.0117530429554786,1,1
-0.197693853512401,0.0451780083623523,0.0221803191830248,1,1
-0.140953773052487,-0.0347571976844347,-0.00496127625523847,1,1
-0.124218015417905,0.0998378370060776,0.0733987392796548,1,1
-0.260058950313988,0.00569353046942687,-0.0143303259891692,1,1
-0.230609915706095,0.107082591869944,-0.0309980004054216,1,1
-0.159695186406521,-0.0531229072906289,0.0863597880063332,1,1
-0.181119662838183,0.0450595891950261,0.0118558501934142,1,1
-0.219991924906069,0.0184055658471699,-0.0184152362692792,1,1
-0.212786823273916,0.0354998194144049,-0.0678905421607814,1,1
-0.205029514770659,0.121661712631027,0.0390691589579841,1,1
-0.118012884129435,0.0181023900195811,-0.0300161193244832,1,1
-0.18819323858076,-0.0145240488084657,0.018258819067242,1,1
-0.15883885228652,-0.0267964215120534,-0.0151308101064153,1,1
-0.09926167176615,0.0465577557507546,0.0189610555012171,1,1
-0.117368969895553,0.0553650343536237,0.0952353678906885,1,1
-0.110284481137637,-0.016202240548141,0.0277361666961802,1,1
-0.1022168473622,0.0253504551497497,-0.0290854099221181,1,1
-0.127899886301679,0.05229794170875,0.118553948143007,1,1
-0.114502921009632,-0.0256973263857826,-0.00142852992388139,1,1
-0.104375636075506,-0.0360068120956309,-0.0463205507211109,1,1
-0.147505643092155,0.0974576056034911,0.0264701715477257,1,1
-0.0852690722282965,0.0278086067118552,0.0791755424099198,1,1
-0.171096212038414,-0.0271120125535841,0.0218237292470475,1,1
-0.0804247317225525,-0.0305190963335365,0.0439455067088491,1,1
-0.107863612368531,0.0449594313879794,0.0777994690182189,1,1
-0.123840664934704,0.120304018056658,0.0629043850244252,1,1
-0.0243591607654538,-0.0344967368426151,0.00829485029670085,1,3
-0.00137428163139403,0.0411172588665931,0.0520067027273474,1,1
-0.159785502088971,0.0538655245259578,0.0741827197498915,1,1
-0.173194514865948,0.159578911043638,-0.0232318754793839,1,1
-0.165105845147303,0.0179659735099356,0.0281908846108742,1,1
-0.112375041755822,0.134199969627537,-0.0161903206932663,1,1
-0.108959206759692,0.0438064147466513,0.0382510156984718,1,1
-0.211251156324128,0.0696398939860989,-0.0109204409623874,1,1
-0.158176209355235,0.0743464517370112,-0.00343869358538375,1,1
-0.135986894228677,0.075719687363066,0.0451009416699863,1,1
-0.135694539097932,0.0789175295347544,-0.0219742750689619,1,1
-0.136483292457216,-0.0387554346186311,0.0407234514292286,1,1
-0.110936892760061,-0.0787867939364088,-0.0512866285303014,1,1
-0.271069803582594,0.0576609796814572,-0.0572344528736973,1,1
-0.201252276698023,-0.0958079854441141,0.0122114409818976,1,1
-0.2620074692526,0.0470037117223632,0.0554873593882341,1,1
-0.292770892566247,0.0769911850189339,-0.0367615599267287,1,1
-0.272468522478428,0.00222530416138309,-0.0619932054752016,1,1
-0.0703739906121795,0.119802389706631,0.0124725479243452,1,1
-0.196038117227847,0.0441573239003715,0.0414854858017913,1,1
-0.146773037267342,0.000361334446489803,-0.0411522751278589,1,1
-0.200512754311814,0.00911463343572538,-0.0307052446349579,1,1
-0.0709390199226332,0.0581672433581501,-0.121633410977345,1,1
-0.206718629934424,0.0537792153850575,-0.0313424126550924,1,1
-0.189139868218229,-0.0496233190642834,-0.0488099631755787,1,1
-0.179490028522505,0.102644741838299,0.049934344490812,1,1
-0.0883473490443031,0.0467001696215713,0.0904304793949698,1,1
-0.149823955834118,-0.0732036097563371,0.00280988758180908,1,1
-0.160753624680413,0.122086838817792,0.060145235931023,1,1
-0.216005494469779,0.0520371437690187,-0.026222842623173,1,1
-0.185262248997778,0.0265962513097507,0.0294408639293777,1,1
-0.160176221353806,0.026126154490317,-0.0202601769536614,1,1
-0.149006831702916,0.0997685317927792,-0.0305800114007613,1,1
-0.148906359878049,0.0541172693696345,-0.0652773424908001,1,1
-0.206498941112561,0.048529043321147,0.0508197919705752,1,1
-0.126396937195724,0.0467172246972547,-0.0364948732386118,1,1
-0.200751483143674,0.0658847862451089,0.0903706382332234,1,1
-0.166143865198257,0.0138635553906003,0.043738188620298,1,1
-0.0702322626937921,-0.00147190561926446,0.0744065109140146,1,1
-0.173172563420561,0.0441913605839679,-0.0558387668731694,1,1
-0.089247507580543,0.0920265473459505,-0.0658519184522365,1,1
-0.176572210125902,0.0901307130896164,0.0662189439363182,1,1
-0.0910930742988918,0.0622955512483797,-0.043661293570098,1,1
-0.095952781687571,0.104741798211194,-0.0532772583514507,1,1
-0.149108900365532,0.0455877716180401,-0.0254781750404803,1,1
-0.207993348567439,0.014407492068037,0.0198081045021547,1,1
-0.138371341206549,-0.014535299161314,0.11848581526823,1,1
-0.137346940970377,0.047865012702225,0.0727328123397038,1,1
-0.203666357760245,-0.00281838917062215,-0.0667469804668413,1,1
-0.172039303773938,0.0123101389927823,0.0206493681176447,1,1
-0.199606452901114,-0.0437455958728195,0.0740459038222082,1,1
-0.211322003247681,0.0276929924869042,-0.040660055064753,1,1
-0.153504235936795,0.0622181664797009,0.0557483612691349,1,1
-0.159479492661018,0.00922046296529022,0.0508144102151571,1,1
-0.195863948004382,0.0645166667500846,0.0169145483341959,1,1
-0.179237857669128,0.0128609549597916,0.112670365917667,1,1
-0.12208046788369,0.0165889970153528,0.022503907748399,1,1
-0.149660870385894,0.0657088241059823,-0.120319142661629,1,1
-0.060526348167078,-0.0234572663236466,0.0414454230229619,1,1
-0.199881270437027,0.0321932224153747,0.0592316425285812,1,1
-0.0924166667735411,0.025765332439417,-0.0693841123142649,1,1
-0.216698988952252,0.118263251576989,-0.0135813762668871,1,1
-0.129295151253543,0.0346880321020233,-0.0301584742482358,1,1
-0.15091914467896,0.044068964919359,0.0420969363686748,1,1
-0.158264360363342,0.00597937868549675,-0.0141666370609873,1,1
-0.23470136620161,0.0149058861254615,0.0621406758739905,1,1
-0.222920062664469,0.00336883798279936,-0.0452568248345824,1,1
-0.160067301970341,-0.00934728086637293,0.0432834213628256,1,1
-0.000412444863724785,0.10563383122255,0.0887270938154254,1,3
-0.164601342774255,0.0560921475110525,0.0626197329257901,1,1
-0.236003808750978,0.0953010207203689,-0.0148800221404991,1,1
-0.220548842520205,-0.0220835989354011,-0.0389202840078054,1,1
-0.161349060880172,-0.0363891525061917,-0.0179964431031369,1,1
-0.126550446531724,0.0758610007400138,-0.00901828287951111,1,1
-0.128143857250565,-0.0321351039674656,0.0668664296998871,1,1
-0.0943613727575986,-0.0185221783987572,0.0792456470886672,1,1
-0.24900615927159,0.0341573923856557,-0.0561172958816579,1,1
-0.085811220546979,0.0252357519912032,0.00453359670163317,1,1
-0.256994162194063,0.0146890047958778,-0.0399277827798157,1,1
-0.152543174622519,0.0887305625058232,0.00730550253927185,1,1
-0.0978097751982126,-0.0204964271571347,-0.016760468762745,1,1
-0.156826923960017,0.0372951270303307,0.0221711542271727,1,1
-0.0367137741523366,0.0528111146513181,-0.0245043101343596,1,1
-0.0907642595279335,-0.0352506941905369,-0.00860305098984898,1,1
-0.148915007213825,0.0519366117189953,0.0471642905732775,1,1
-0.203251980580323,-0.0470807816347852,0.0847398708554997,1,1
-0.208624611388235,0.0761437939777729,0.0518422786821197,1,1
-0.0879566043646928,-0.00217601494186827,-0.0610591573177739,1,1
-0.154571223386662,0.027318702227459,-0.00333649858586299,1,1
-0.087914422520279,0.0268731714961383,0.0833349550573088,1,1
-0.163335963125765,-0.0174863465503496,-0.00901196613731849,1,1
-0.209216290321697,0.0497186522060235,-0.075866879288801,1,1
-0.187735630304219,-0.00257040031510324,-0.0671195838183457,1,1
-0.155235933157188,0.0492266257589429,0.00294514717307108,1,1
-0.203181094098293,0.0298687631363075,-0.0176525957274856,1,1
-0.154891048332016,0.0688668777073332,-0.0987628747626404,1,1
-0.0932612640782302,0.0260802987145711,0.0480894570022487,1,1
-0.254926662195175,-0.00805831687816977,-0.0842077515342401,1,1
-0.203796176903844,0.0067611622675054,0.0318501273587016,1,1
-0.185409459177889,0.00505685313817176,0.0177370671817292,1,1
-0.148659989450043,-0.0608039216514534,0.0737331719463078,1,1
-0.189878073573819,0.0488627457226182,-0.000504315261424923,1,1
-0.113314134651544,0.0345136970740099,-0.0378253612250615,1,1
-0.108202574859736,0.0959999394637415,-0.0216154201186998,1,1
-0.195284257645807,-0.0322221226669088,0.0424941018270207,1,1
-0.14820156591341,-0.0638349160121285,-0.0522524333019344,1,1
-0.143607889644682,-0.00351006621189614,0.028943658094694,1,1
-0.212545771959506,-0.0250831269393198,0.0095192909891869,1,1
-0.184296196284676,-0.022771200335815,-0.115983488393036,1,1
-0.114853689763596,-0.0455282420037799,-0.0617025870990815,1,1
-0.0947689265785644,0.0617564535221842,-0.00235465272429064,1,1
-0.106765405002285,-0.0228397309007284,0.0245402433368414,1,1
-0.213774433093846,0.0454823363317454,-0.0684779612456618,1,1
-0.268449299451879,0.0890786275752079,0.0233212824386212,1,1
-0.137833227383874,0.0907614119830395,-0.0336473659760778,1,1
-0.190161456153219,-0.0299825422978642,0.0340807498835585,1,1
-0.193189990373204,0.0752172370275253,0.0983006821912627,1,1
-0.15032609067007,0.0164227296736547,-0.0265093638403566,1,1
-0.151249505217823,-0.0837400912771827,-0.0141082125036808,1,1
-0.253924303732919,0.0272480319821614,-0.0818708838892123,1,1
-0.146171064837662,0.0794065468813117,0.0865587373664211,1,1
-0.0910036371322933,0.0211521248371821,-0.0460049620787431,1,1
-0.199954437941718,0.101442435408496,0.0189695371051801,1,1
-0.251013929954369,0.0717807421183951,-0.0147694394936128,1,1
-0.117334115497161,-0.104399257475372,-0.0192563244419933,1,1
-0.187751137835846,0.0164778903618883,0.0776880596261225,1,1
-0.192630211338914,0.0669475938334528,0.0221576945160035,1,1
-0.162381801012963,0.119741127974044,0.0426862465891177,1,1
-0.204506951443602,0.0399745884835962,-0.0342815849031108,1,1
-0.145823793089816,0.0779758469360281,-0.0948560834448617,1,1
-0.19301839319181,-0.00243596506285299,-0.0252060873874258,1,1
-0.157786730018497,0.107150390670551,-0.0117450109980622,1,1
-0.120248812030061,0.113728038119473,0.0471258903229025,1,1
-0.16229860493393,-0.0482977147338565,0.0983880350347039,1,1
-0.207066199110217,0.0862671766745243,-0.0524116436366071,1,1
-0.191467278334875,0.0216137658334426,0.0718487154277761,1,1
-0.260356958109658,0.0498340824667596,0.10884965821339,1,1
-0.137655049607037,-0.0230529196491185,-0.113902466950361,1,1
-0.184672242165746,0.047258846037585,0.01949006396954,1,1
-0.144460233392883,0.0346797803472969,-0.0396772592168799,1,1
-0.181508877779312,0.021095508661664,-0.0101965197335188,1,1
-0.0896455806059805,0.0227431944906985,-0.00645438199052148,1,1
-0.179226975965842,0.0322185454716444,-0.0692945358187081,1,1
-0.12261126174311,0.114738288090894,-0.0432182827394312,1,1
-0.189717320852632,0.0324613106951473,0.0352115382431218,1,1
-0.0648864910766958,0.0411260774060195,0.011243175092602,1,1
-0.0785174289022329,0.11640514380576,-0.0863304862678098,1,1
-0.265269739394754,0.0881003683539313,-0.0433235901667691,1,1
-0.0629476277652635,0.0986463186322493,0.0472049089060425,1,1
-0.154765781577297,-0.0397076737519934,0.0673489752320571,1,1
-0.160259331730386,-0.092669223835983,0.0207707494024763,1,1
-0.140885734172404,0.0463302078815116,0.0454644703450363,1,1
-0.237289235778177,0.081660551519668,-0.0985432321000553,1,1
-0.206060838245174,0.105723385288691,0.0352956582555275,1,1
-0.165496311915333,-0.00970214717014321,-0.030332037561328,1,1
-0.168890301294768,-0.0436591387051019,-0.0124341567284242,1,1
-0.216358790250485,0.0668718663033471,0.0371022579108401,1,1
-0.20505603302072,0.0371434930613052,0.0828320742472173,1,1
-0.231252923092629,-0.0881281940537517,0.0145416105653674,1,1
-0.189314249705545,0.10129089387899,0.0750316152749732,1,1
-0.149289515300829,-0.0255246994901013,0.0556573907565382,1,1
-0.154561011437143,-0.0933888598438171,0.0562790044450364,1,1
-0.100728938750216,0.0736548076819567,-0.0207906736312039,1,1
-0.0916289039987251,-0.0328280336672393,0.0191344112279418,1,1
-0.256049017068505,0.0150460330023978,0.0582928711165579,1,1
-0.168715740591668,-0.059524237906067,-0.093464333243345,1,1
-0.136681789353297,0.046889371291287,0.0288308928559298,1,1
-0.0400447642560057,0.032371163189149,-0.0444437869726692,1,1
-0.175042173433952,-0.0111753442718715,-0.0778968195298658,1,1
-0.147829731552266,-0.00495901412208744,-0.0183601044914888,1,1
-0.189138599104889,0.0944937728575582,0.0751241029330078,1,1
-0.187923778784058,0.0220389642772437,0.071882865703891,1,1
-0.169799500281733,0.0459201724250443,0.0575303658179399,1,1
-0.23388846556686,-0.0364378645383271,-0.0162910360773049,1,1
-0.0862169196905079,0.0813889939630851,-0.0771058742420982,1,1
-0.215534791933119,0.0854539542440405,0.0683570568141501,1,1
-0.241666093842315,-0.0160814367676714,0.0372223894402341,1,1
-0.200355019384783,0.0873544736632097,0.00954617869282188,1,1
-0.157034135652518,-0.0090107070621156,0.0951173813507952,1,1
-0.171979011533525,0.0712247599470468,0.0206214347028537,1,1
-0.163721064362401,0.103343688952458,-0.126013050184132,1,4
-0.137084397423236,-0.0137030818976354,-0.0698345870666904,1,1
-0.216809567424082,0.05651614014422,-0.0415702391209953,1,1
-0.235639172393343,0.00547964492996301,-0.0281326312003767,1,1
-0.272398283146462,0.0747308926060828,-0.0398000769303273,1,1
-0.181977319440888,0.049242473701062,-0.067693092835633,1,1
-0.221952695000118,0.118869614516235,-0.0359023637592733,1,1
-0.148403185634095,0.140816887290703,-0.0511220711334546,1,1
-0.210267300001544,0.0150624386890372,-0.0451339208870662,1,1
-0.162488440183267,0.0362317120948003,0.0136916605277321,1,1
-0.147289095869299,0.109647686334294,-0.0840363397729007,1,1
-0.0741252599784392,0.0218487863569231,0.0611955671022145,1,1
-0.152815878466623,0.000434324237432992,0.0174070022897573,1,1
-0.128019071455902,0.00456576216852921,0.0758882226871187,1,1
-0.229490077746475,0.100114519596763,-0.0460176342551237,1,1
-0.228119121661845,0.0227520780172874,0.101834153290733,1,1
-0.148528101613068,0.110735801886889,0.0343664525115281,1,1
-0.110013691417108,-0.00773378172032426,0.0540752849055907,1,1
-0.147862068983197,0.0687969928217492,-0.0288329560072881,1,1
-0.173919699357865,0.0265840917270011,0.0631781303237304,1,1
-0.083238592954277,0.061114392995489,-0.100161499929694,1,1
-0.159967921305186,-0.0826773740190529,0.0997767924380703,1,1
-0.202954242291786,0.0439649026027163,0.0649870964074042,1,1
-0.0951209456732943,0.0123014145302832,-0.074557568510102,1,1
-0.22562547502766,0.0023184015458134,-0.0127344147395954,1,1
-0.113718920303411,-0.020774903532619,0.00600524315384434,1,1
-0.224324961605151,-0.033777740129088,0.0879769446096453,1,1
-0.132904283896369,0.0569339683389757,0.0253770521095974,1,1
-0.20743355424316,0.0632259392823529,-0.122806928136975,1,1
-0.253894330396548,0.113584318211833,-0.0135067779262007,1,1
-0.108081544734922,-0.0278087193271766,0.0490502162225362,1,1
-0.153585022138383,-0.00138629210998429,-0.00966422875278186,1,1
-0.15805561005561,0.0846408731818318,-0.0206169588445484,1,1
-0.050200772726974,0.033850031090986,0.010192435943358,1,1
-0.143629607560975,0.0776310830585654,-0.0116218939479866,1,1
-0.193580535715319,0.0256647718879419,0.0470653878357581,1,1
-0.0902067441963501,0.105842491932778,-0.048218171506504,1,1
-0.193445156128024,-0.0521817867804752,0.065251392425838,1,1
-0.0969635300254006,0.00852484861667706,-0.0376523013484911,1,1
-0.230971732241843,0.0959968155699803,-0.0045590191735151,1,1
-0.187523167097723,0.0551158651305823,-0.023677003704002,1,1
-0.126363985403019,0.058129040800581,-0.0851106596288473,1,1
-0.184269453551315,0.101714479992181,-0.111993805220556,1,4
-0.108620085983312,0.0874812559960982,0.092265702489915,1,1
-0.196553525318628,-0.0619641832035228,0.0214833485028788,1,1
-0.21511172406607,0.106737227011229,-0.00275736953989938,1,1
-0.177956995386676,0.0759275030421273,0.0632997645578811,1,1
-0.177858420182089,-0.0163747499060197,0.0149240012726221,1,1
-0.158479189711761,0.101107990237157,-0.0155531910527313,1,1
-0.237902545468007,-0.00146867825169255,-0.074906167327497,1,1
-0.167389101123695,0.0460133592486241,0.0563430933244565,1,1
-0.0751215659258048,0.0565784615167424,0.0847912142352709,1,1
-0.127866486322332,-0.0166248539733006,-0.100561092657342,1,1
-0.163330317638452,-0.0431917943734478,0.0269183429992854,1,1
-0.126542861214172,0.0420813961221257,-0.0231009849509873,1,1
-0.201064023318102,0.113216853672789,-0.0466161816759374,1,1
-0.292410938442501,-0.0474225239733687,0.00473382857219661,1,1
-0.0784279741394421,0.0339843974149308,0.0346712938984045,1,1
-0.200768355355031,-0.00362445647260283,0.0360900358044982,1,1
-0.161713585915295,0.00833537172441025,-0.000969946023810538,1,1
-0.11193773903566,0.0117006676650814,0.00628469460048742,1,1
-0.111783402190556,0.0651566827989339,-0.0626918538245409,1,1
-0.183867721819951,0.022604106146881,-0.0926383929300498,1,1
-0.159134212529411,0.0234814458059311,0.030992213588932,1,1
-0.139035109124056,-0.020547052777442,0.0461682861812531,1,1
-0.219443037282547,0.00561251175563553,-0.00105038657567547,1,1
-0.0908416454283945,0.0204400664122478,-0.0942862355061257,1,1
-0.194469960516967,-0.0608451187237433,0.0235018377674987,1,1
-0.211468402449768,0.102590632487218,0.0436339745539923,1,1
-0.272384492747568,0.00465182942131195,-0.0322619707738928,1,1
-0.207934083236569,-0.0285552527122032,-0.0305092321683608,1,1
-0.169710296079406,-0.0387874371819032,-0.0235001901894229,1,1
0.00220455449995287,-0.0390130325152148,-0.00317277197322574,1,3
-0.188746429975712,0.0938716091127319,-0.0571198848795225,1,1
-0.207753711585364,-0.025736383615714,0.0126290119288588,1,1
-0.209927655631872,0.121994088496358,-0.0208045059491844,1,1
-0.158523099964245,0.027308840186975,-0.0170077050658214,1,1
-0.124990297257924,-0.0277488808761656,-0.0723816790631686,1,1
-0.205747269910155,0.0275612802667121,0.0016195465834951,1,1
-0.0623878124052241,0.0624303556529226,0.0608744312141877,1,1
-0.173596631786226,0.00731602246000726,0.0072990938124184,1,1
-0.163973255048679,-0.0912048078031781,0.046130954135193,1,1
-0.104075194330977,-0.003435477928732,0.00291623239544094,1,1
-0.247340896406476,0.0362934149996447,-0.0774394500769328,1,1
-0.0376412276599985,0.10022993357955,-0.0266193179983269,1,1
-0.175356254624124,-0.0343790791677272,0.0558123230709687,1,1
-0.183572178549244,0.0219168638024833,0.065014046314374,1,1
-0.216085250524602,0.0703491753166336,-0.0222304191664721,1,1
-0.117157927603432,-0.0330256879054391,0.0910350073726811,1,1
-0.152218723501771,0.0359054685482289,-0.0316916101041928,1,1
-0.199535977972562,0.0842337654685024,0.00199212679166232,1,1
-0.23096541351484,0.020999624778271,0.0162657499347487,1,1
-0.127706358549443,-0.0539505435375838,-0.00698833617325971,1,1
-0.117009539134605,0.0284237121928035,-0.112035785114267,1,1
-0.213238893863355,-0.013786968379995,-0.0088325463323908,1,1
-0.125972879852802,-0.0208030320072671,-0.031034037793717,1,1
-0.0828284557738491,0.0742709790977488,0.0183259442156105,1,1
-0.140300878881763,-0.05893000425349,-0.0505185060039307,1,1
-0.145908400898939,0.0322336003024739,-0.0336114038457326,1,1
-0.206042078366505,0.0228815309055556,-0.078272988229895,1,1
-0.171575520014528,0.0187912103065729,0.0791719748568678,1,1
-0.139769589928235,0.0773006439498051,-0.0901636317739218,1,1
-0.209255706428032,0.0469425267243986,-0.00102360663886982,1,1
-0.147280273321093,0.0990776179846774,-0.0321264527577987,1,1
-0.151760797545923,0.110765508487706,-0.0482400817282941,1,1
-0.136203371095198,-0.0355630153197235,-0.0651279915272602,1,1
-0.224508428329914,-0.0484688024686057,-0.00429676707007546,1,1
-0.141229133099835,0.00518035047531554,0.0150322627443614,1,1
-0.232634184974758,0.0727885921412509,-0.0643798744826476,1,1
-0.201791648734723,0.0388894273320608,0.0604409122115503,1,1
-0.139543257381189,-0.0768774023309277,-0.0149776895324195,1,1
-0.185720811301813,0.0432620103741464,0.0608905261045557,1,1
-0.0759066776341342,0.0320849824558493,-0.0790536582178813,1,1
-0.156582703943973,0.139700620908006,-0.0648367465111105,1,1
-0.16821296400676,-0.0544590796018306,-0.000768190645885337,1,1
-0.196126176899889,0.0658218473617807,0.0903313580270817,1,1
-0.159212755225758,0.0133791742609098,0.0712548431082437,1,1
-0.236348638937393,-0.00992860567964152,0.110619399878737,1,1
-0.171834012599366,0.144729473568831,-0.0435164674930782,1,1
-0.115924035302879,0.107659104403364,-0.0941661726784761,1,1
-0.053572105014056,0.086941194622754,-0.049490741984313,1,1
-0.211743153771099,0.0064749610322225,0.0203697756322417,1,1
-0.146421754354024,0.0819992843167758,0.0215946934715492,1,1
-0.165356582423241,0.00694192139286545,0.108103833783191,1,1
-0.172463425107093,-0.0206419601395076,-0.00484974059604643,1,1
-0.0721894871162211,0.0274043131101584,0.0248937010911594,1,1
-0.144966253385541,0.0103970498420488,0.0611170286955823,1,1
-0.100024939779761,0.052823320511336,0.0893842216819961,1,1
-0.257856917519085,0.0316639974482634,-0.0194803663807281,1,1
-0.209189631202931,0.0947997808137805,0.0778993298304328,1,1
-0.223150810919795,0.0432554569742214,0.0815361484491671,1,1
-0.123745761089599,0.0586701964951519,-0.00284289896310503,1,1
-0.153388619776275,0.00189612541881449,-0.067836556673799,1,1
-0.0866647424885799,0.0873358026082027,-0.0397028742214898,1,1
-0.13579363702224,0.025951495159783,-0.059909831444854,1,1
-0.102330370239153,0.0599317810605637,0.0109718200470815,1,1
-0.17235165408105,0.0183112578416951,0.0598690048265102,1,1
-0.153502693432226,0.00176149266618465,0.102826003098461,1,1
-0.182624323752669,-0.040063363581005,0.0121199074445627,1,1
-0.19786706072151,0.163294060133961,-0.00723105126647569,1,1
-0.155886557246966,-0.00794685362757108,-0.010680916350127,1,1
-0.113940535186219,-0.00369966220282827,0.0237727351008799,1,1
-0.203491746068833,0.0228081416428279,0.0447499229705666,1,1
-0.200436523824348,0.0164269653062361,0.0435982667941273,1,1
-0.155846593588687,0.0519620625162435,0.0998092733014179,1,1
-0.100389756114046,0.0722055329721848,-0.0549251565279768,1,1
-0.161951311923802,0.103785321990199,0.0364247785642792,1,1
-0.135247336268304,-0.05756007557191,-0.0562172970407199,1,1
-0.140526382469267,0.0765186549939637,-0.0578630927763526,1,1
-0.126806697763075,-0.031450385582219,-0.070307304488901,1,1
-0.230602665265983,0.0116391919922183,0.013905045109662,1,1
-0.174025477414698,-0.0577555578822301,0.0532962084264831,1,1
-0.285093888641769,0.096564235332426,-0.0426400307584371,1,1
-0.233742432051375,0.0176520288503814,-0.0430085264659339,1,1
-0.20132979110997,0.106192486379802,-0.0645539384582729,1,1
-0.155426468803526,0.0757512521423923,0.0853140643608591,1,1
-0.152379304625889,0.0281377957932604,-0.0339448971192767,1,1
-0.259258269009445,-0.00988037783675483,-0.0354195325315808,1,1
-0.118595628387052,0.0546619723500873,-0.0440138017398081,1,1
-0.20441331658031,-0.0370077735983629,0.0774987600132349,1,1
-0.136269353495465,0.0519185550668082,0.0162733629852772,1,1
-0.199878457120927,0.0671337765610866,0.0478899004239731,1,1
-0.138559964375781,0.0648678591456825,-0.0389777864853601,1,1
-0.201059590796361,-0.00834839300419368,-0.0191623159290115,1,1
-0.186923091682945,0.103126274804488,0.0253599400015567,1,1
-0.19314350961721,0.086149275451261,-0.0591164413174817,1,1
-0.0584980851124818,0.116032983163463,-0.063488562109158,1,1
-0.270542958560426,-0.0206048130611157,-0.00426567471645469,1,1
-0.173024832142013,0.0174894519834709,-0.0681611914001518,1,1
-0.206367092888251,0.0829073700627547,0.011655234821785,1,1
-0.242359387274666,0.0292651906212879,0.0983779228175958,1,1
-0.144176749853585,0.0430314758088953,-0.0699833406393023,1,1
-0.191768358232765,-0.0303398447667396,-0.0763642080885277,1,1
-0.0578642660759654,0.0846377143516438,-0.0275833494751511,1,1
-0.0813500507978867,0.0671633231739489,-0.0607795054330887,1,1
-0.149240372840166,0.0261204469204535,-0.0924368168090591,1,1
-0.111906208457622,-0.0533298494651765,-0.00377462206050068,1,1
-0.121731054194215,-0.0772994305816023,-0.016251744437485,1,1
-0.157878561312357,-0.102177658752092,-0.0126114109965185,1,1
-0.190717766139431,0.0818899032924739,-0.0112744347591797,1,1
-0.109506904820708,0.008814894236638,-0.0223534725403257,1,1
-0.0618814240150172,0.0949680426251714,0.0189480879555103,1,1
-0.184583253203338,-0.0299971539774658,0.120761886886432,1,1
-0.228841985036706,0.0546948371771684,-0.0159119460432458,1,1
-0.193651719970039,-0.00230068953522719,0.0273589776677029,1,1
-0.192785727116094,0.00335171273629909,0.0571342235913265,1,1
-0.219531885990548,0.0656616191917992,0.00602670600100021,1,1
-0.214597090217926,0.116083505604094,-0.016183032320964,1,1
-0.0955310365209274,0.0626391455090498,0.0550102487512573,1,1
-0.177486124273139,0.0272523143323359,0.122082626804206,1,1
-0.182065573283481,0.0919632179519366,0.0571133405418579,1,1
-0.173192250829313,0.0274689840297181,-0.0205996716808188,1,1
-0.22452862156957,0.0284965632178778,-0.0426606693037163,1,1
-0.144674998970103,0.0459335268499453,-0.0712103562296656,1,1
-0.100893780914455,0.0420400045320811,7.94685039915208e-05,1,1
-0.206376507360659,0.032205753105799,0.0935677321887034,1,1
-0.154761062979031,-0.0107119989793011,-0.114528123033481,1,1
-0.180322821285247,0.00967753797957671,0.0660160683138948,1,1
-0.130729650203711,-0.00664329360675801,-0.0907293558942715,1,1
-0.122753582130084,0.0464725444929583,0.10179086074105,1,1
-0.0904180925248092,0.0245467868198157,-0.0200327280306939,1,1
-0.14686503767022,0.10765571179967,0.0304998825938979,1,1
-0.173553272979041,0.0446917546943796,-0.0195708474830892,1,1
-0.194673411422251,0.047863308687097,-0.104169681598834,1,1
-0.18747880412992,0.00120945606305513,-0.00945128219069581,1,1
-0.148312758833952,-0.0164976807852452,0.071520502493285,1,1
-0.161524728405973,0.0982685680994224,0.050126989735873,1,1
-0.254730784298731,0.128217562320827,0.0127597520158261,1,1
-0.176194197943995,0.106541452289952,0.0942147996401461,1,1
-0.157968542129816,0.0528450144634577,-0.0821467916225699,1,1
-0.166656188629238,-0.00165539768950234,-0.0347512590869384,1,1
-0.192642507614994,-0.0246974724347113,0.078768722319142,1,1
-0.168316894551361,0.0657129651717141,-0.000663624955499793,1,1
-0.240514049663568,0.00123029716047166,0.0226472353180002,1,1
-0.119327617635133,0.039515960371057,0.00706033452468105,1,1
-0.154373473025497,0.0194591080181048,-0.0860941671522878,1,1
-0.16343768471673,-0.0364565084478499,0.0929391758513754,1,1
-0.13815643301837,-0.00516472014339267,-0.0108910439567351,1,1
-0.203209827132523,-0.029118003174698,-0.0107520331653575,1,1
-0.162478485603824,-0.0260236808515793,-0.0478969561893477,1,1
-0.163371613644768,-0.0808938930978416,0.0119814507259862,1,1
-0.203992767970346,0.0296838315838388,0.102601448777301,1,1
-0.129768153972229,0.0164760456160739,0.0188973656700869,1,1
-0.0838698782095161,0.0656647690309504,0.0280967131770608,1,1
-0.180977629365983,0.0785356341281314,-0.0664025003933498,1,1
-0.140054437068505,0.0801300893324638,-0.00323812427176485,1,1
-0.209872209594562,-0.0721122097813588,0.0110286254207378,1,1
-0.201547422680123,0.0250807346429409,0.0137794083984349,1,1
-0.232878278247395,0.115087552292024,0.0244086013728681,1,1
-0.122370138325895,-0.0173571705074156,-0.00467309677038869,1,1
-0.243803525192533,0.0874344739183672,0.0383810883074165,1,1
-0.165685299328136,-0.00215539846226034,0.00621645124806004,1,1
-0.202190442641556,0.0694832091617077,0.071969629652358,1,1
-0.14679666304169,0.00978791076165245,0.00727287408096226,1,1
-0.237344144665435,0.118720498149311,-0.00217396721196384,1,1
-0.166561328507609,0.0911209964411526,0.0490140447732396,1,1
-0.25491238850586,0.0885714572816995,0.0244266819638245,1,1
-0.175315419874592,-0.0266035362721169,0.00392270928666264,1,1
-0.22423629445084,0.0296849878635483,0.049040518533464,1,1
-0.221451989931183,0.0751323767844583,0.0393885938860246,1,1
-0.255862717096034,0.00901991080947388,0.0778258016842006,1,1
-0.086787576921329,-0.0500865300161336,-0.0348539180769606,1,1
-0.178431865092023,0.0443980577355846,0.0290228258630942,1,1
-0.24244824490861,0.0268841469434084,-0.0586472037753831,1,1
-0.164563146550948,-0.0284692487122813,-0.0916747790177807,1,1
-0.13259741334532,-0.0255672620637535,-0.0901392666669674,1,1
-0.15429702295438,-0.025528471128499,-0.00671849544492696,1,1
-0.194848728979564,0.0923724629024209,-0.110801783776381,1,4
-0.144427951201625,0.0293620461151884,-0.000636414517959708,1,1
-0.155817536450135,0.00270222831799085,0.0371137739898457,1,1
-0.15849987277213,0.0290429610822779,0.0424486402131879,1,1
-0.227418614066576,0.0431128397875677,0.0257117437241519,1,1
-0.121912153426903,0.0871852696047298,-0.036605252955621,1,1
-0.0232599594810204,0.0564512694796453,-0.00774103711615737,1,1
-0.245240523892371,0.0601401996776666,-0.0644122177125379,1,1
-0.197182459740617,0.0833338362443648,0.0231333886493793,1,1
-0.214144402581471,0.0459177061186519,0.0543718111154955,1,1
-0.103340382745061,-0.0164854588426388,0.0592116236144707,1,1
-0.15471417572476,-0.0313083189390392,-0.0801715968122095,1,1
-0.210744060216725,-0.030066397876274,-0.0150987002504764,1,1
-0.171397692963631,-0.0388924124772361,-0.0617702873133966,1,1
-0.238507777224289,0.00137598487232205,-0.0355106954492661,1,1
-0.160375384849084,-6.69091281055789e-05,0.00299710327844609,1,1
-0.188007028817165,0.0130139415007407,0.0372668357277209,1,1
-0.145409954302312,0.0585298400843416,0.00415566800856364,1,1
-0.111754081833284,0.016190705054558,0.0395514771543506,1,1
-0.165730266739017,0.104806812804808,0.0420391992366126,1,1
-0.0943729490673003,0.0514152185853682,-0.0476332196879754,1,1
-0.0770381469763202,0.0815317004698832,0.028140731642314,1,1
-0.128690504408219,0.00264131818012534,0.0297882423441397,1,1
-0.201866404113198,-0.039063970538303,-0.123225313453638,1,1
-0.0388194025929205,0.0150044706779872,-0.00173966559808393,1,1
-0.23566766676721,0.0235463709239645,-0.0867787916465793,1,1
-0.234261254132061,0.0249449883428156,0.0718841595052801,1,1
-0.213598620601826,-0.0182735528056487,-0.00970086944081367,1,1
-0.187774369561444,0.139981755027814,-0.0155788771374168,1,1
-0.168337798664156,0.00149603360186383,0.0772725879375105,1,1
-0.168454677238245,-0.0242798170308673,-0.0694392488075802,1,1
-0.13061125245751,-0.0642366184728911,0.0105960930253304,1,1
-0.17692018320356,0.0121544255771997,0.0102837141534351,1,1
-0.159249802281392,0.00611775659760286,0.0753806356639022,1,1
-0.220538315029326,0.0201597119502285,0.0149968755003948,1,1
-0.100321187296003,0.0779165692136669,-0.00448901995849463,1,1
-0.135351329103287,-0.0135223630026725,0.0556178491053909,1,1
-0.293056336289806,0.0412384407411204,0.0537132159616765,1,1
-0.106859646571483,0.0430351024961571,0.036603150510844,1,1
-0.00888297411973901,0.077994506454111,-0.00231857008281037,1,1
-0.14604516717227,-0.0629622680351282,0.032859961068228,1,1
-0.219207165715924,0.124806133584874,0.0263626073997608,1,1
-0.143418193333458,0.0601345613017818,-0.022411060639484,1,1
-0.128496003245427,0.052396367613828,0.0551759381885515,1,1
-0.186580155230775,0.00666046201509581,0.0253741314096519,1,1
-0.17760173710552,0.0852952130658201,-0.0512733225075103,1,1
-0.205529951679915,0.0816020862204914,0.11210776546882,1,1
-0.187858184862238,0.0732345670539949,-0.0387221232928413,1,1
-0.165672813467576,0.0467334230075178,-0.000417478255121124,1,1
-0.178340841412966,0.0751959951995561,0.0379995534267074,1,1
-0.136289453011771,0.0196716500595014,0.0781672327372776,1,1
-0.156499653089994,0.0529622939031617,-0.0500325540050565,1,1
-0.158325920096838,0.00679548233667281,0.0360924714772398,1,1
-0.176802286363452,0.01514989708168,-0.00797480561056874,1,1
-0.0248748012285474,0.0358599113405757,0.0226389169359821,1,1
-0.10733159337358,0.0191219184338513,0.0585338714151821,1,1
0.11482526217939,0.053217782693457,-0.0611650138348963,2,3
0.238330370091903,0.0665404861985074,-0.0446838788801502,2,3
0.158296904658913,-0.0370619089288627,-0.106748485044293,2,3
0.230474685775459,0.0931519674085226,-0.0178886535234317,2,3
0.142161290029219,0.0585074119710698,-0.0372965278764402,2,3
0.114848263898721,0.00824532190766413,0.0288203750587642,2,3
0.144853667184944,-0.00395351645566179,-0.0325952508774614,2,3
0.11639989933904,0.0605650650948427,-0.14124913163441,2,3
0.143046165770596,-0.0164892494887021,-0.0311622183842301,2,3
0.0794578888263831,0.133005581262971,-0.0260279856027382,2,3
0.156700374519554,-0.028931428760736,0.054620725572344,2,3
0.13313961981195,0.00737682986952335,0.0220032510528997,2,3
0.147426582033013,-0.102434135813207,0.0238052882126333,2,3
0.124889681485556,0.0404449775111809,0.0961757905442683,2,3
0.114322874501111,0.0867412229231599,-0.000712003541373983,2,3
0.150924736832874,0.0339943867947945,-0.0456450107434391,2,3
0.164740543361016,-0.044876262391606,-0.0630189900208746,2,3
0.0730647066416378,-0.0511641774464894,-0.0652915383401585,2,3
0.155855599893036,-0.00356033980979476,-0.116568311772432,2,3
0.22619867434238,-0.0874123768873055,0.0174565039782808,2,3
0.121812058404059,0.0382846565209738,0.0597957743282582,2,3
0.177507732206517,-0.0653010098699915,-0.0139916259835638,2,3
0.18723893777861,0.00901745163458686,0.0302411114494105,2,3
0.102986074906011,-0.0165294364790889,-0.00293371628374852,2,3
0.067597698122544,0.0455560783534565,-0.0660039187570002,2,3
0.0591771490547026,0.0139457052838655,0.00859678848435847,2,3
0.12952993329239,0.066164692254306,-0.0409140945512342,2,3
0.0449469624514431,-0.0107161505073452,0.0557344054043838,2,3
0.188033145436931,-0.0635593541982218,-0.0382112208534397,2,3
0.210956590535354,0.0603048823585079,0.0547331441805904,2,3
0.0674861280583806,0.158383236964168,0.0725437042498141,2,3
0.136588604687826,-0.0352191806096007,-0.0428695459485623,2,3
0.135614849128542,0.00376678315046763,0.139424077845578,2,3
0.173596116156769,0.061571928236486,-0.00175769262797373,2,3
0.133822853298154,0.160397105254965,0.0699470917757144,2,5
0.0868214963482864,0.0531336989601151,-0.0904110583787994,2,3
0.0641832658004305,0.0674228103936533,-0.0215994495578073,2,3
0.135480275256507,0.0551007561344617,0.0149895819498029,2,3
0.165122451044094,-0.042975777492965,-0.0556224841244679,2,3
0.156375875090181,0.00766061725812364,0.0375415448501999,2,3
0.130100733011728,0.006168489332559,-0.0160291819098561,2,3
0.0809113935252214,0.00624396859759491,0.0180799722115892,2,3
0.118242737163437,-0.00411895027991772,-0.0907907459552113,2,3
0.178442997291195,0.020268332989951,-0.0489471422578624,2,3
0.113241376401934,0.0631382988506744,-0.0335507947235498,2,3
0.170301898882799,-0.0438744650033441,0.0697323611360992,2,3
0.0702060288963783,-0.0364298396701552,0.0379882497813573,2,3
0.212132051277807,0.105305590191609,0.117120442639349,2,3
0.0937067283479797,0.101357350148292,-0.00762112936987463,2,3
0.0967331049942378,-0.00281894195427258,-0.117974074427122,2,3
0.0993381329353161,-0.0260333802241788,-0.0130338824861331,2,3
0.0763780615334741,-0.0440974434781178,0.014254755088166,2,3
0.0813933005151203,0.0089199630064056,-0.0510607042890087,2,3
0.0941845823771844,0.0493245461111353,0.0483795205433415,2,3
0.0999366325801659,-0.0609025260726617,0.0297609681029948,2,3
0.200398126774967,-0.011145693455621,-0.0939242690179629,2,3
0.123212656663698,0.0499092663127957,0.0465823170899698,2,3
0.1952564952432,0.0732168083567459,-0.0486948965081103,2,3
0.141827189650438,-0.0398414816402183,-0.0136801687665294,2,3
0.0490681575371978,0.0384029533895674,0.0933782882586281,2,3
0.0384136637365565,-0.00840235736529252,-0.0666954517544035,2,3
0.160940249760375,0.0634211006668129,0.0206476122874366,2,3
0.185945232059274,0.0317171417431897,0.0523420134570162,2,3
0.0882965971612844,0.125360925877082,-0.0488599275423328,2,3
0.144416699784739,0.163132378907571,-0.0431769561175762,2,3
0.145146165244854,0.0118594975286745,0.0607566778664652,2,3
0.163804786463965,0.0947585080574998,0.0305950269840702,2,3
0.177789920009251,0.0999001161532784,0.00602086870937732,2,3
0.154181111018074,0.0853063685465056,-0.060001537720191,2,3
0.18863946537261,0.140529772354618,0.0736630923598743,2,3
0.110940834340597,0.00139405933728798,-0.0467266809586997,2,3
0.253366731585055,-0.0260427000030505,0.0396171794145685,2,3
0.149022033069088,0.0357392429080006,-0.02225657875178,2,3
0.204906417264263,-0.0401205906541244,-0.0810555775324833,2,3
0.110548716346608,0.0265067039214574,-0.0149814360426919,2,3
0.131674887545767,-0.0683789195711023,0.0200400689812864,2,3
0.18026292953844,0.0443214980335571,-0.00963848081150567,2,3
0.0854622926861694,-0.021385379335296,0.0501675207721006,2,3
0.132660228931723,0.0689398914230169,-0.0903426464788905,2,3
0.116087363054839,0.0940621425008421,0.0569901593483851,2,3
0.125279589254259,-0.0171757232491013,-0.0765111778034242,2,3
0.135728973214124,0.0939934728686654,0.0017742322560255,2,3
0.0610811282990974,0.0664635278676436,-0.0957079979953023,2,3
0.133800012174395,-0.0441017869990062,0.0163646664942765,2,3
0.114750909237118,0.155058030162273,-0.0704081145374827,2,3
0.140259429985651,0.0171998334821232,0.00196554587840656,2,3
0.086915058533299,0.0467359257762012,0.00834299765257434,2,3
0.108879238169298,0.030429303766461,-0.00689331848844622,2,3
0.235027734508671,-0.0313402993890324,0.0596563837342277,2,3
0.0803784416034382,0.0407942044610212,-0.0705099684992078,2,3
0.0874368946265184,-0.0368788826807387,0.0610394876390513,2,3
0.171167964434215,-0.0276620751288165,0.0285902989007806,2,3
0.124672441132667,-0.0248423699150161,0.057549543516973,2,3
0.0964644675415676,0.0249975474450667,-0.0718861697268524,2,3
0.22606745421322,0.0982230713672606,-0.0185694000337234,2,3
0.207416091431652,0.0260948672065017,0.0206016872654169,2,3
0.115489917418453,0.0959491107888771,0.0502808172118745,2,3
0.22169672344621,0.0820257826948874,-0.0135602566356337,2,3
0.164305483690804,-0.0147232133704517,-0.0211408883572705,2,3
0.141644028908313,0.0733471649488317,0.0989073594133281,2,3
0.101729087990913,-0.0290759214030364,0.0330526639387364,2,3
0.130545078010612,0.0792248822191324,-0.00858537086297023,2,3
0.151546431768508,-0.0190349792794864,0.0144134846637745,2,3
0.14186400926428,0.121391789696539,-0.0733774569497424,2,3
0.025537745857122,-0.0110836900250858,-0.0799915609588756,2,3
0.140626907254376,0.0178569571395728,0.00465364548812054,2,3
0.0881785910864019,-0.0402966344021839,0.056465744469582,2,3
0.103108965354829,-0.0553392014376079,0.0325746006091638,2,3
0.157704940256936,0.0248969425074445,0.0726161614051396,2,3
0.124694864585108,0.00803137324781316,-0.068783978608566,2,3
0.16041171451184,-0.0262628131849884,0.0152065393723598,2,3
0.16385231458828,-0.00194725322731201,0.108019674230777,2,3
0.143398324333133,-0.0731443388144662,-0.00508924361556413,2,3
0.204282971109919,0.0306635241357875,-0.112971440872521,2,3
0.139135152161226,-0.0404075266992523,-0.00227393038613057,2,3
0.100446377664869,-0.0265125799538637,0.00773747376208626,2,3
0.191456433430704,0.0147996395325552,0.0283418557013179,2,3
0.168904452625917,-0.0116301335576708,0.0475972565557508,2,3
0.0391204646610353,0.0690538345067878,-0.0250531278163108,2,3
0.232670327730179,0.123241193785897,0.102427177952561,2,3
0.180607195487546,-0.0700191890238056,0.004430670673692,2,3
0.235057189085304,0.0589654063422053,-0.0413702493116267,2,3
0.181955003586629,0.0600179895764315,0.0863329450426203,2,3
0.246940698217305,0.00344222393561079,-0.0384322973502713,2,3
0.0527351945881432,0.0459458971147773,0.00605335964335396,2,3
0.198210042682554,0.0125510151298311,0.00400660464967562,2,3
0.0581628652915698,-0.0220352653668053,-0.0454563367835567,2,3
0.0407924625014006,0.0334595094450565,0.005801225419013,2,3
0.167809035516171,-0.0122904877223682,-0.0848492523721325,2,3
0.221195492361308,0.0671521236745785,0.0185493396179694,2,3
0.0777180953642557,0.011938905386865,-0.0515017133887376,2,3
0.105378396989424,0.0386716036584639,0.0380358454121961,2,3
0.142221173076975,0.0375055340210321,-0.0292809946787782,2,3
0.1650336762231,0.0472971769581532,-0.0472272443021546,2,3
0.169287320004768,-0.0183236691566312,-0.0213803219928584,2,3
0.191330584811435,-0.0327768342851859,-0.0593410003420213,2,3
0.243391297433449,-0.00431099265915274,0.0927953366710386,2,3
0.194225153656459,-0.0475061468029539,0.107935456428033,2,3
0.0744492366907401,-0.00872692550893168,0.0285785242708862,2,3
0.142434637601654,0.0180022409509543,-0.00413168418702793,2,3
0.118741547597434,0.0422358275789611,0.0153458435424977,2,3
0.156825797645282,-0.00628589659238159,-0.00406935856792807,2,3
0.151333991264493,0.0624749481896426,-0.0280951973582804,2,3
0.110203126835976,0.0393903258487937,0.0389149743705261,2,3
0.0905986374848761,0.125820963608021,-0.0933242914642056,2,3
0.0478427267861268,0.00985501818164606,-0.0470454155824993,2,3
0.134009230385097,-0.00228905993942229,-0.0168214076608443,2,3
0.0560767694199978,-0.0309421221556003,0.0561413769775731,2,3
0.174305359345078,0.141995330428098,-0.0324637821852105,2,3
0.0927134258723074,0.0417408456961801,-0.117614811149616,2,3
0.225307928379211,-0.00409322418643025,0.0701498219554665,2,3
0.134735559131531,0.0237545207667384,-0.0319878060363421,2,3
0.0726235322996642,0.0891131818322803,0.0706111896398712,2,3
0.135380721925632,-0.00574080762902481,0.0906994145040112,2,3
0.191454421621847,0.0143231397400263,0.00555047474258069,2,3
0.115413187075072,0.0971206456422501,0.00950727979965317,2,3
0.183648801768976,0.0715484096675577,0.0976401061153243,2,3
0.157211237193438,0.071916426002553,0.0265398846893218,2,3
0.123460955541748,0.0166878941093579,0.0445042727553012,2,3
0.149072464090458,0.0212268764309811,0.0856674193729656,2,3
0.0834160726993989,0.0346406625918761,0.0647186371667968,2,3
0.180547427450174,-0.0629524512833397,-0.0516529335531267,2,3
0.162579097331845,-0.0191764856337449,-0.024642039989218,2,3
0.099242717669967,-0.0780021075271914,-0.0999101502144743,2,3
0.161163827556203,0.0683954347777317,-0.0327690294623179,2,3
0.0852633375401325,0.101826411429388,-0.00428494594976421,2,3
0.182869189090287,0.0241786667428378,0.0216864820208782,2,3
0.125852689860928,0.083076696430781,0.06109004005232,2,3
0.168912163866355,0.0414197430875632,-0.0155371363069679,2,3
0.116633043856463,0.144263496291317,0.0887592987572392,2,5
0.111821365962434,0.0204101710716278,-0.0107040261611818,2,3
-0.10776876623136,-0.0341282875109676,0.050238520968639,2,1
0.0920538018114757,0.0474743866503017,0.104846697941781,2,3
0.122813075408998,0.0197427053394204,-0.0570993148362945,2,3
0.060796882294952,0.0189026467898157,0.0421138208858228,2,3
0.0917179692446244,-0.0218400051478193,-0.098167709795826,2,3
0.0243067557562618,0.121733522811491,0.0778024469976823,2,3
0.0841425681485897,0.110951089558245,0.0597705418449507,2,3
0.197452188273555,-0.0459644564960532,-0.0217422697365969,2,3
0.185995629099036,-0.030608415125188,0.00124219506433459,2,3
0.159064271172036,0.127118799855709,0.0152391273579501,2,3
0.115829342889588,0.133785515465603,0.0249961996710016,2,3
0.150653623525431,0.0561208273097829,-0.0728432144896458,2,3
0.0263484271485307,0.0102919573581357,0.042519563443926,2,3
0.0984540193459007,0.0699441835761973,-0.0384215959870092,2,3
0.121747056623092,-0.051436109856795,-0.0219186690815854,2,3
0.107151947894332,-0.0601039701370999,-0.0867841377917683,2,3
0.158446681590637,0.108031170758861,-0.0654189324418671,2,3
0.120004598596663,0.0886482759391077,0.0641197331105327,2,3
0.108149210603958,0.116859463438059,-0.0264254257721917,2,3
0.0668783755479312,0.0295116213650165,0.0311413035902999,2,3
0.112588015574256,0.0462866485753226,-0.0888182437302757,2,3
0.101180523687606,-0.101293775693803,-0.0717310546521792,2,3
0.187499180882797,0.00302358851484219,0.0319010702055154,2,3
0.124912134576153,0.0325166474867785,0.0460398491326802,2,3
0.0971056255728657,0.0417993478811395,-0.0750026641346938,2,3
0.130010022679382,-0.0303232408757931,-0.0565706554991399,2,3
0.182885506391843,0.119054857277859,-0.052877227262453,2,3
0.118412980505927,0.0917926039596765,0.0252328543492902,2,3
0.186083059131129,0.0526234523718389,0.0564683676613226,2,3
0.1594978461832,0.0456456674053755,-0.0480478406254064,2,3
0.160545535098082,0.0105212861007794,0.0481883100215237,2,3
0.202593498513651,-0.0158310392902488,0.0530962918249629,2,3
0.161661859190823,-0.00341629756406962,-0.0526774265459044,2,3
0.138554964160579,0.0255888272408549,0.00246020540226868,2,3
0.144172455792724,0.0875509929406083,-0.0423437035247701,2,3
0.169563634551302,0.0267484303098731,-0.0549574767957059,2,3
0.133228239578999,0.0239108474483583,-0.0650296492566367,2,3
0.180395261718063,0.0887978370155414,-0.028875929088042,2,3
0.117797524108761,0.104281585891944,0.0491236190237551,2,3
0.191715126379269,0.0663893749599581,-0.0185117107131074,2,3
0.229357321193332,0.0960897013999724,-0.0359619126574708,2,3
0.106962867089363,0.0356837883782017,0.0967502805147126,2,3
0.130241498480514,0.119781305164561,-0.0252515570301601,2,3
0.196798242207877,-0.00491889941724894,0.106246561496097,2,3
0.181502967182211,0.0612049723258605,0.0198488097256905,2,3
0.0943233469845929,0.00898167679449781,-0.0662149791771833,2,3
0.13709172390181,0.0586333646760419,-0.0338885454977462,2,3
0.21430905527594,0.0103232969157277,0.0481591088142539,2,3
0.0782287234627431,-0.0273225428370092,0.0640911707752233,2,3
0.20687029970756,0.120478414102821,0.0935457789133876,2,3
0.0678224411354673,0.0563553925133295,0.0726846071372289,2,3
0.171484323342499,0.0502500800398053,-0.000222098788045005,2,3
0.0969999112604421,0.00746661950346568,0.0091763600701529,2,3
0.0894582112954868,-0.0285760337524597,0.0102499736807983,2,3
0.176993822361777,0.0271336451601266,0.00700523016205104,2,3
0.209859903344573,0.0476170955688243,0.049682738590163,2,3
0.16627121491711,0.0341424501947351,0.0397198883014245,2,3
0.118700431024951,0.0517371187956897,-0.0403973354350094,2,3
0.10264331383498,0.0100538656946601,-0.0160198846566634,2,3
0.0263359437677936,0.0189263098395634,-0.0265311684736453,2,3
0.138819339010131,-0.0437556977498295,-0.0221527315540628,2,3
0.172841075752577,-0.0529660161344545,-0.00710630857236186,2,3
0.151435228158802,0.0190853245260398,-0.0235442791502552,2,3
0.182303568522272,-0.0598739802215909,0.0187280485711149,2,3
0.102651967645514,-0.028534781998634,-0.0367878618142208,2,3
0.20043491714656,0.0472894217902056,-0.0384696063502328,2,3
0.145782880664877,0.00484765926313176,0.0664746220583192,2,3
0.206532472039985,0.0182621292164477,0.0536931956125001,2,3
0.22132991393752,0.00626124221786888,-0.103939602540945,2,3
0.129543789966978,0.007223820108193,0.032272181220143,2,3
0.214554835151308,-0.0476070893965203,-0.0393846265215807,2,3
0.133713001976216,0.0356935727216939,0.0615598594515824,2,3
0.0940997371012247,0.0379355954570302,0.0714907902108166,2,3
0.1479872409435,0.0940438481010856,-0.0331664549791725,2,3
0.16325275308869,-0.026886485781416,0.0389231935238844,2,3
0.202042586021775,-0.000378144913098971,0.115590283224101,2,3
0.157053881794133,-0.00255721407683021,0.0379124274161022,2,3
0.0681750380318753,-0.0224953474439672,-0.0430328173450221,2,3
0.201120904877791,0.00887092979564211,0.0795920375766141,2,3
0.162561249127609,-0.0280778814876559,-0.0272470957758541,2,3
0.181796549099799,0.0116653821057696,0.019406482354411,2,3
0.0922438683272932,0.000694815325059201,0.0388240669634988,2,3
0.157343300222561,0.0217134718297797,0.0196080206946696,2,3
0.204162993742681,0.0741304082315576,0.0928019465758864,2,3
0.169477404959827,0.0713106208555921,0.00974834597925933,2,3
0.0907313959039108,0.100436684876631,0.0130279264703762,2,3
0.137395280331886,0.0596486532411701,-0.0376671035370916,2,3
0.10347754121839,-0.018016986017883,-0.0040368929806347,2,3
0.141645595625179,0.00150349393131437,-0.0239957626018611,2,3
0.0687013379046039,-0.0789817388382155,0.00726913478787604,2,3
0.106922737134125,-0.0350666692572847,0.00344958963884151,2,3
0.161685524468884,0.116641588621375,-0.0557862110658641,2,3
0.0899952272411636,0.0551450165583336,-0.118947735420942,2,3
0.14088663561882,0.0673611763632139,0.0509930463157192,2,3
0.144571508853966,0.109204588586999,0.0399724075955918,2,3
0.101077542916514,-0.0491695594265975,-0.0441343286754795,2,3
0.0934707464066998,0.123810857756147,0.00719540233902419,2,3
0.113439655327896,0.0654497935548442,0.03609360849508,2,3
0.126782925362459,0.0431218578364464,0.0739582749192025,2,3
0.162733759322427,0.0141639202026276,0.0542847939073317,2,3
0.155697037710069,0.146099334837856,0.0050967844491142,2,3
0.103045190080759,0.0273779483733756,-0.00522040458458217,2,3
0.0589822845250864,0.0690613078761683,0.0855973454829409,2,3
0.184306913963585,0.0346859996295427,-0.125204761036867,2,3
0.130309878176184,0.0145499236552478,0.0904626477999366,2,3
0.11657431444086,0.122622280982524,-0.0762743085321431,2,3
0.20773671744867,0.0872911497834095,-0.0239026546179309,2,3
0.0411058702426779,0.0755092188710549,-0.0254595768430454,2,3
0.0915572398910688,0.0500418120019424,0.063941305230619,2,3
0.151850903049906,0.118248702492103,-0.0427526260159629,2,3
0.243401406639244,0.0286927129115624,-0.0129009589227672,2,3
0.152472200019936,0.0186813085848585,0.104428283596509,2,3
0.238486013089206,-0.0678757119091559,-0.0055878904349916,2,3
0.064051103111618,-0.0265884016698726,0.0439701155840483,2,3
0.179854903516097,0.027516451523811,-0.0114725539693861,2,3
0.138529759365593,0.0777975229940298,0.0877713121899895,2,3
0.135836341620053,0.0733869465089788,-0.0890975556460501,2,3
0.141795380658801,0.0274736552604938,0.0342033464382135,2,3
0.169597543866954,-0.0213135471233877,-0.0345196419493094,2,3
0.150013683171318,-0.0364629208082754,0.0448555097321287,2,3
0.16334336594499,0.00693684958099701,-0.0177630955249773,2,3
0.177140517332923,0.029245243558476,-0.0208877873647929,2,3
0.0966779136959306,0.072658441162052,0.0500481550484281,2,3
0.217947839056291,0.116118654632358,-0.0402963500418787,2,3
0.0815153251842102,-0.049333540108389,-0.0423375639427963,2,3
0.142105660250675,0.0183101165695922,0.0347036371229009,2,3
0.0945211444618263,0.111144019328085,-0.00515651361613445,2,3
0.0635142564292065,-0.0246336446181837,-0.0312481190440766,2,3
0.0898145239206256,0.115598726349921,-0.0622705764071562,2,3
0.0460526972362287,0.0199382010963099,0.0242096989711716,2,3
0.0848607132928983,0.078098042952406,-0.0454525101855719,2,3
0.191701416882835,0.0374415016418594,0.00487687237393477,2,3
0.148014811865782,0.0186637754700173,0.0329849119956389,2,3
0.19983109998371,0.0961013244777102,-0.058920502275437,2,3
0.0671774742669083,-0.02707264779845,0.0743563385180253,2,3
0.23276089967498,-0.0635969638073763,-0.0465299046578072,2,3
0.0949680884956901,-0.00790447335031388,-0.0450858122360663,2,3
0.237635656383954,0.0837809753240481,-0.0177019212607501,2,3
0.0975736880677197,-0.042384851682961,0.0593740657780844,2,3
0.135081115686681,0.139556209255509,-0.0377703842074231,2,3
0.146317566689719,0.0514180658177705,-0.0121156018678074,2,3
0.108732205918167,0.035798822018732,0.0149696688078031,2,3
0.0392079317448169,-0.0299149053199029,-0.0676880383272393,2,3
0.11515515986146,0.0150948481117324,0.134694310845506,2,3
0.0571844811104774,0.110019952920591,0.0801488420686524,2,3
0.199552514940554,-0.0241733717749591,-0.0122840618009785,2,3
0.204479141915732,0.0539573383576131,-0.0498720925118248,2,3
0.154531617073319,0.0685258904031865,-0.0591768005385187,2,3
0.11469791545675,0.0496708611274017,-0.0214862812781987,2,3
0.0653657165917769,-0.0101399311808868,-0.00849794989203569,2,3
0.137193798534591,-0.0294752386218431,-0.0336040914242564,2,3
0.157213351929346,-0.00837995751653176,-0.0102155359782309,2,3
0.160196070236391,-0.0314499228024781,0.0643170946493712,2,3
0.0941844560276875,0.0778848520752067,-0.0134419285215725,2,3
0.222741932884422,0.0529079396989068,0.00137182452477053,2,3
0.203584405077278,0.0917634726513484,0.0788387670710387,2,3
0.0888638370302599,-0.000498265158605529,0.00433132952780857,2,3
0.170295999754455,0.0192963081834537,-0.0719072498922687,2,3
0.14499120815549,0.0652570931959609,-0.0108111858174192,2,3
0.186038629292305,0.0407211812264055,-0.0460671976273165,2,3
0.0933573994244586,0.0168471998501467,0.0401236286874121,2,3
0.186869283985253,0.00101968203173929,-0.0518139623301291,2,3
0.188537764887105,0.055261815984439,-0.0301853956164174,2,3
0.110478876048792,0.0461817771192953,-0.0601301479456495,2,3
0.115119209457814,-0.0328215162035047,0.00973174292570134,2,3
-0.00216130415901354,0.0243697092863525,0.0104399447236002,2,1
0.0991728440004925,0.0791603379383487,0.0380127013601051,2,3
0.123230886336715,0.0924681124372388,0.0209091963675657,2,3
-0.00760242019511898,0.0393053002991552,0.0260689321975815,2,1
0.119821672368473,0.0852020799646518,0.0157801418148668,2,3
0.0845241486800689,0.0545019027416408,0.00457847934535466,2,3
0.104352314132532,0.00904426154671504,0.125013832921247,2,3
0.146341999472695,-0.0168264683291729,0.0807704759816763,2,3
0.0644703186230303,-0.0582750091007993,-0.0689576629449976,2,3
0.108655018124727,0.0889903586583528,0.0258214230324631,2,3
0.00432521950593073,0.0946806904829992,-0.0481459873880893,2,3
0.147817641582743,-0.0450420823700206,-0.0775908892468754,2,3
0.022695630901676,0.0507692903703406,-0.0490593415405865,2,3
0.140739748564008,-0.031242909333135,0.00919340674841937,2,3
0.0851977320212025,0.0769248228565535,0.0345257989471874,2,3
0.170157575107375,0.0708867600468912,-0.0662935289809275,2,3
0.0326111683184278,-0.0445775496810517,-0.0501731388132872,2,3
0.140972074791778,-0.0979682000166023,-0.0461751417997477,2,3
0.224204085704614,-0.007217118773709,-0.034797746872745,2,3
0.157328586379669,-0.0458940465433683,0.0536999431762068,2,3
0.194452225730011,0.00642351489031254,-0.0214840204394466,2,3
0.112770021592889,-0.0816297501107005,-0.0372529528055718,2,3
0.178640911721487,0.0260187830795557,-0.0130405405291058,2,3
0.229377974607451,-0.0208638619879879,0.00109044269140578,2,3
0.0985080023962141,0.00657392538349171,0.0648259289858692,2,3
0.124837173497993,0.0575577295226444,0.0139157078955615,2,3
0.158670073019088,0.0778168084756718,-0.0115844853264498,2,3
0.195383671999327,0.0698596217340845,-0.00268200130127079,2,3
0.194256178325517,0.0939809987296822,-0.00213622640225215,2,3
0.104255341552301,0.0474955114056496,-0.0492578923628513,2,3
0.178557748963057,0.118967986404827,-0.0267691504322403,2,3
0.0945607150749924,0.0449369281343636,0.00651752802124693,2,3
0.0581744144135218,0.0864010050543584,-0.00621529440948649,2,3
0.0229746718377782,-0.00488005378160634,-0.0613301553890789,2,3
0.121993609078193,0.0545973788012654,0.0960519563280521,2,3
0.10700336305129,0.13635337771901,-0.0805429925041506,2,3
0.0340521722271766,0.108497220965609,-0.0459948278522408,2,3
0.167851042327875,0.0358776434879261,0.014289475030143,2,3
0.0943634651403053,-0.0945097963024812,0.0111562360132401,2,3
0.0666705808954971,-0.00735141665761783,-0.0486170470313284,2,3
0.251139796683348,0.0348462707519332,0.0275547955702033,2,3
0.156677076997372,0.0611258776721992,-0.0302019212881005,2,3
0.150805506945477,0.0593108083298792,0.0435248788127787,2,3
0.157466287531713,-0.00627183339490447,-0.064331488555576,2,3
0.065337398183287,0.0827264910180408,-0.0397377425032495,2,3
0.22798921424182,0.0776003283908294,0.0701742139631879,2,3
0.106858130946204,0.0331825903667851,-0.0501815687001262,2,3
0.169619326604433,-0.0824380407814355,-0.0461701899843953,2,3
0.0953651081933045,0.0859409807979971,0.0226148570602491,2,3
0.096403631742524,0.0388591417382216,0.0306805307757883,2,3
0.022558874163492,0.0256827238747289,0.0770771112827541,2,3
0.186509279477801,0.132626324568431,0.0649182711648776,2,3
0.174739286635892,-0.0197846659461023,0.103004820289686,2,3
0.0971914316005984,0.0016567973158218,-0.0572954520651068,2,3
0.146464871831414,0.0440212098315417,0.0450579784297751,2,3
0.056389507913145,-0.00982817949506915,-0.0145012000081307,2,3
0.223870769421619,-0.00325532290595776,-0.00691689779390927,2,3
0.22857283592961,-0.0459677484723266,-0.0668561927218414,2,3
0.154218917039624,-0.0457892394989578,-0.0231111724504522,2,3
0.234899476158124,0.0203973225923784,-0.0483550128852398,2,3
0.211360191887753,0.00165120591096772,-0.0533048230420075,2,3
0.186114272912844,0.132571450397636,-0.0183965831072731,2,3
0.157707142747778,0.0774299104625844,0.00239424378596809,2,3
0.137439066766716,-0.0233724107853514,-0.026460097195664,2,3
0.134297148319801,0.095583312991549,-0.0403019230433581,2,3
0.141335842312488,0.0687783208971834,0.0262075406023511,2,3
0.210069628524722,0.142670682018983,0.0360796260637468,2,3
0.198609631606076,-0.00239738775920086,-0.105486578040686,2,3
0.0745632605206468,0.0375551491620126,0.031698122996015,2,3
0.0691568863771312,0.102941661803678,-0.0883639335846956,2,3
0.163114669574729,-0.0754352856389297,0.0677241094922431,2,3
0.110278769835536,0.0287879699051389,0.126447251678084,2,3
0.155312245212108,0.0129234194658776,-0.0927407772539014,2,3
0.0987935879543873,0.0545413976640421,0.0924229153879326,2,3
0.0764770499091947,-0.00686332599768148,0.0231274794472715,2,3
0.123390294367546,0.0670432562250621,-0.0313316957306363,2,3
0.136985874491191,0.0424171498949539,0.121219294110586,2,3
0.0576537721700294,0.0734224687586821,-0.00909740106714015,2,3
0.134425279106292,-0.055312566664253,-0.0408322016097607,2,3
0.129839959193084,-0.0283041431083559,-0.0113765932063914,2,3
-0.0156405019744145,0.0805503850674487,-0.0443178943472243,2,1
0.104282827298896,0.0565494169357082,0.0172686154601126,2,3
0.158587948023036,0.0210732196685772,-0.0419972671586377,2,3
0.163694514874301,0.0681575229516692,1.56254108573213e-05,2,3
0.0581155770037481,-0.0168166900789996,-0.00181876302324455,2,3
0.121637918281058,0.0452612430315517,0.0712643984497265,2,3
0.0522012937461674,0.0478058054963815,0.0783715911902615,2,3
0.245488204996081,0.00400056297264232,0.0432516675306215,2,3
0.148167069335317,0.0838328980651594,0.0671708126245396,2,3
0.198958198607152,0.0179999232634555,-0.0776070283063858,2,3
0.109928961117316,0.0775891900540642,0.0514544168692875,2,3
0.168576382495468,-0.0084499045841277,0.0828455302929533,2,3
0.198377566861628,0.0645928868236492,0.0991805799375301,2,3
0.0494025912321823,0.102064878230288,-0.0445332691075406,2,3
0.122542003388503,0.0378464565681849,0.015736720908894,2,3
0.103710512017505,0.0491164569812125,0.00104500489394919,2,3
0.126813453544984,-0.053017769378118,-0.109172474439381,2,3
0.160815530688331,-0.00157541582408534,-0.017574760651118,2,3
0.102238827226106,0.0216899772431753,-0.108533550601386,2,3
0.220059720099921,0.12460590261687,-0.0201356844436758,2,3
0.178584310668283,0.0227352380841243,-0.0415131689203608,2,3
0.0472381007482891,0.140291976845016,0.0819093029569419,2,3
0.03020668059403,-0.0537850994660871,0.0135354793382467,2,3
0.167117320388691,0.0851304718293668,0.124637207727491,2,3
0.157543428254845,0.108020567087834,-0.0671558931558899,2,3
0.173451888132466,-0.0106047221105246,0.071321234557433,2,3
0.100362480200472,0.0636861536421896,0.0514040773741545,2,3
0.189631424841273,-0.0410067516272904,-0.0228603078689617,2,3
0.0530716765181438,0.101185549700617,0.105120370268079,2,3
0.121524012462721,-0.0590980604014483,0.0290971472793958,2,3
0.0741719492456815,0.00145343736296704,-0.0335337481565837,2,3
0.22348658784969,0.0111762732028185,-0.0722657592081076,2,3
0.146593063052026,-0.00807313828309941,-0.0014424588355282,2,3
0.205185537887935,-0.0402836099364369,0.105280784997154,2,3
0.112908747443063,-0.0155107052314252,-0.0676896006946758,2,3
0.137004823790847,0.0469370994021063,-0.0285017280882116,2,3
0.214966282734093,-0.00634962010223037,-0.0877068400405527,2,3
0.0619093241528626,0.0418330221435794,0.0272566039379392,2,3
0.175495064209967,0.178669780701368,-0.027765472834101,2,3
0.154834414974906,0.0414162163267011,-0.0771006739144669,2,3
0.140378987626125,-0.046823464744673,-0.0760099296557448,2,3
0.171134498085299,0.063890919243201,-0.0208832909560439,2,3
0.198362248066065,-0.00297105029188147,-0.00964917477163587,2,3
0.0866543747871551,-0.00555702772846425,0.0709066471553896,2,3
0.163464055667967,-0.077354890945838,0.0842928151891421,2,3
0.15941670994869,-0.00124921425462528,0.00367693961828227,2,3
0.251504148701335,0.0560416836268662,-0.0351488883575918,2,3
0.0773589674690772,0.095503591511695,-0.0620284495219456,2,3
0.179249166843105,0.0911485604954565,-0.0587672867708403,2,3
0.0176926378675392,-0.0110204789406077,0.0679574606884587,2,3
0.157811150440436,-0.00126720036589432,0.0238880108256229,2,3
0.100902182271699,-0.0441171026799489,-0.0928969776371301,2,3
0.190641387111327,-0.0785425212302958,-0.0497162877437686,2,3
0.126468904626264,0.0149824234615491,0.00531656469635873,2,3
0.103323513589342,-0.0322654529963617,-0.0610019436469433,2,3
0.125235431406914,-0.074070570504721,0.0158960182965137,2,3
0.156359660221731,0.11776624719188,-0.00929006017207384,2,3
0.214242107392113,-0.0209774590827597,0.0170928239987701,2,3
0.119123732089647,-0.0422448011718259,-0.0194332480457418,2,3
0.145946563909597,-0.0482013104365834,0.0441283306369173,2,3
0.172392174465477,0.0147357710522358,-0.0390434569564635,2,3
0.130075528334765,-0.0617718342722726,-0.033350979410176,2,3
0.0966406221755485,0.22169002974251,0.0750199470624771,2,2
0.134714856148397,0.0100298488867606,-0.0220611207192549,2,3
0.0565793361975932,-0.0533426435465224,0.00515293466489498,2,3
0.155099911156044,0.025654232948095,0.0203606264823626,2,3
0.181967565777814,0.03530940062766,-0.0566670633353912,2,3
0.24255719016633,0.00454991905814836,-0.00450095027074345,2,3
0.140495029229539,0.00779985999943542,-0.104045471734063,2,3
0.109916868056572,0.0857402079825515,0.0323437751567598,2,3
0.168138003577349,0.00240565871445435,0.0381823583758322,2,3
0.0625073723539211,0.0134651618100273,0.103360508703944,2,3
0.157231164876295,0.0161907100795094,-0.0797858583018485,2,3
0.197564040151858,-0.0331553601551095,-0.078920912007838,2,3
0.152938478505927,0.0381068752494258,0.0557607549735139,2,3
0.0867198325225772,-0.039658290888677,0.010020601588905,2,3
0.181714165206743,0.0293096324704669,-0.0693188564581341,2,3
0.182190502403494,0.0491697911670774,-0.00356411648456441,2,3
0.15110638335826,0.0794220277468389,0.0118310575454529,2,3
0.0775445786668027,0.117431714339368,0.0941328433027674,2,3
0.205651685786578,0.0219551915475965,-0.0962144966044689,2,3
0.0245971795891639,-0.0422313596294229,-0.00204625813211879,2,3
0.117837610232045,0.018107756157772,-0.0227585870700407,2,3
0.127671524115049,-0.0394621800729532,0.0163376094822564,2,3
0.119327959386282,0.0283934803667774,-0.0445044702087495,2,3
0.163481511151101,-0.0255826045115746,0.0015352785443523,2,3
0.107745645487446,-0.010530073747273,-0.0136469086844404,2,3
0.112978626912272,0.169438119881557,0.0587414892602152,2,5
0.222148893020626,0.0705849815759973,-0.0438504338252185,2,3
0.015909074149264,-0.0373594835563828,-0.0183205026030759,2,3
0.160403120850391,-0.00583838586098067,-0.0341629055747943,2,3
0.206564025998498,-0.00359545379988305,-0.0225359253686223,2,3
0.122526350311148,-0.047418585319338,-0.0159965096313806,2,3
0.177794917018373,0.0026377132549333,0.00982921049850439,2,3
0.270737814965536,0.00412908783462726,0.040865948554198,2,3
0.0827451981100496,0.027348297284639,-0.120520476650754,2,3
0.0956242362165902,0.025812085671227,0.0232068957333592,2,3
0.184757115028582,0.0702702771925372,0.0556286645388114,2,3
0.0654260258292455,-0.0641432863309615,0.0240186382279941,2,3
0.1850639477719,0.0597556464989655,0.0333441900962658,2,3
0.191542289591968,-0.00125012568362624,-0.123953541151721,2,3
0.256698582505507,0.0184811871734717,0.0315909919799432,2,3
0.0668155923065603,-0.0121409461055591,0.0268371195122251,2,3
0.0389922821304733,0.0772708869170727,-0.0214235194575525,2,3
0.183870981340588,-0.0849502105282534,0.00902185682402316,2,3
0.062311279070784,0.0331013514578893,0.0749611732940887,2,3
0.16439795553416,0.0811002188936071,0.095596568789513,2,3
0.0926633292787902,0.106452148487616,-0.0624293533265649,2,3
0.0785080188097808,0.0264926581017691,0.0300841410807118,2,3
0.102106783782745,0.0991716192014695,-0.0113630935258262,2,3
0.211687996463375,0.092231064128903,-0.02193051952651,2,3
0.254020790520685,-0.0382811237083461,0.000888013157645735,2,3
0.129552463260084,0.0956940050228854,-0.00173259622160359,2,3
0.15285557666958,0.0982606524607319,0.0295725488767605,2,3
0.0500493485857025,0.10946417384222,-0.0469233391547735,2,3
0.152454245512173,0.00717600689908423,0.00666729851111304,2,3
0.0980379442610952,0.0691574200791055,-0.0615771288590576,2,3
0.0694376834799232,-0.0110967064518674,0.0187564051330159,2,3
0.185495997045154,0.0531412979596581,-0.0612888909605,2,3
0.051314071341413,0.0089138192744588,-0.0592074773693259,2,3
0.237771741597954,-0.0119604950673277,0.0207177122918244,2,3
0.145352448016982,0.0838374776673171,-0.115690053326356,2,3
0.137880171858699,-0.094096230685395,0.0025724849342342,2,3
0.218559402816512,0.020337878528258,-0.054892098753572,2,3
0.17831678297528,0.138503290357233,0.0399893765112134,2,3
0.203007553886879,-0.0760998983708355,0.0372562032499116,2,3
0.127333725476776,0.0384811154896746,0.0593053797368632,2,3
0.0604838388909695,0.0237936433455506,-0.0245783445455883,2,3
0.188869008677163,-0.0583498354198478,-0.107898191875886,2,3
-0.0571909260737508,0.347925914881927,0.076768654238948,3,2
0.000405275267160633,0.326090165075487,0.0230429079135869,3,2
0.00373327686040716,0.307777961015293,-0.0153529374233837,3,2
0.00371592611754708,0.279319661518271,0.00830674972929168,3,2
-0.0325606899384332,0.384952832673268,0.0389412959740782,3,2
-0.0414031050757616,0.326870998128296,0.0679733786344361,3,2
-0.0423117180253211,0.360587274635947,-0.00279523910053211,3,2
-0.00188761442905996,0.248853000228303,0.0899321818842074,3,2
0.0783858883139307,0.303542650947832,0.0814655172484609,3,2
-0.0930030758253313,0.311753852587519,-0.0534340201745155,3,2
0.0180871450076107,0.256781031838195,-0.0103596871624729,3,2
-0.0799604595025233,0.279504868297067,-0.0403191841704114,3,2
-0.0855203605191844,0.300260547217683,0.0863237294401003,3,2
0.188067127805765,0.30234865617239,0.0293165836803223,3,6
-0.0685765589753503,0.274727654179996,-0.122937606866757,3,2
0.0893598959419557,0.356326959522821,-0.0664632866232645,3,2
-0.0520185751252655,0.383171760682885,-0.00406890710340585,3,2
-0.0648359145918482,0.348889811426408,0.0441175592480856,3,2
-0.153958885167812,0.288478870675738,-0.0257989929771077,3,2
0.0236215545963944,0.292742519820705,-0.0771213155253576,3,2
-0.0422519784817908,0.229053627923801,-0.0957321393094518,3,2
-0.00289803128945717,0.319015101461947,-0.0500083248036898,3,2
-0.0376917984304931,0.343991381512587,-0.0279579576585732,3,2
0.0258943646945022,0.313786951434955,-0.0171574891451506,3,2
0.00653963749954809,0.234772330716857,-0.00105813028507641,3,2
-0.0914689937816492,0.382624046715747,0.00773385881895272,3,2
-0.0504698790998136,0.221798704694081,-0.0458777834104525,3,2
-0.140856818445116,0.275791471561871,-0.0615498063628608,3,2
-0.0615811636004702,0.353744266865584,-0.0737383139917926,3,2
-0.0278989420851305,0.233423972902454,0.131535385378767,3,2
-0.0746053233999368,0.314562307036914,0.0858920097746053,3,2
-0.0293999101477399,0.309703195681623,-0.0242065200702893,3,2
0.0856093745342892,0.314820029773288,-0.0124008299369201,3,2
0.0632019228048791,0.274512656447598,-0.00791694020323596,3,2
-0.0422954864826246,0.260160241724925,0.0148771855962929,3,2
-0.0440159877647127,0.3105293489186,0.0386759306768082,3,2
0.0513289483213636,0.271795038535427,0.00744674720048782,3,2
-0.0318782544414275,0.259551074783677,0.0559056774982054,3,2
0.00519225485299362,0.257781578443271,0.0513111888367356,3,2
-0.055911267279243,0.329877510698062,-0.0433924205073803,3,2
0.0469045522614914,0.279749811980032,-0.0296296340288162,3,2
0.0380619383541344,0.29095158937899,0.0422823321604212,3,2
-0.0969844632041073,0.254388629658563,-0.000275574695302051,3,2
-0.114013226757737,0.330755739391669,0.0858540937001837,3,2
-0.0622317869843636,0.302024547587954,-0.0406881413498497,3,2
-0.0490862585283028,0.289280712219471,0.0471753646282578,3,2
0.00571877958919316,0.315513486385294,0.128293707857038,3,2
0.0392349810475153,0.250871104343512,-0.0304365307552498,3,2
0.0287042110590418,0.270543579196935,0.0564748069928035,3,2
-0.0392509639888615,0.305563295243988,0.00655865969945066,3,2
-0.0137949640760092,0.282529478654344,-0.0268288933760424,3,2
-0.0127698703339046,0.225650192348237,0.0610404572485854,3,2
-0.115228891358473,0.261150800734506,0.0175721934756924,3,2
-0.000305324362299802,0.189316604676551,0.0688709914292989,3,2
-0.0814124861372467,0.40037011392929,-0.0935141567220936,3,2
-0.0792123491246406,0.321623775796137,-0.00429740322317338,3,2
0.0374387038322462,0.353832300926992,-0.0309226128037466,3,2
0.0417883079122072,0.324016991599568,-0.0974733363504978,3,2
0.0420956688716567,0.294434052377218,-0.00176635884036009,3,2
0.0519339613078525,0.278077328639244,-0.0644465416606656,3,2
-0.0593336681613313,0.345319516735596,-0.0102777598730909,3,2
-0.0078202919318028,0.261069751642737,0.00739703458629501,3,2
-0.0329456319449281,0.294681616274969,0.0487164948440035,3,2
-0.0105440245479792,0.222252698662606,-0.0353089733293578,3,2
-0.0428455333575522,0.24511880807826,0.0236535530231859,3,2
-0.050257397768619,0.302421623067191,0.0535903043429353,3,2
-0.119532523368469,0.34321605554347,0.00370225041396443,3,2
-0.0334890516521183,0.363983450604626,-0.0975454879384405,3,2
0.00566754935857134,0.395428476008422,0.0359999793637117,3,2
-0.037707272763884,0.305792919452557,0.0219465267870329,3,2
-0.0100933226146196,0.220825229713853,-0.00855849090463146,3,2
-0.090361708903331,0.315808015054237,0.00484395450734602,3,2
0.0289545890070008,0.267820591441682,-0.0360931963138726,3,2
-0.0159294405336127,0.231112232188502,0.0592603187571467,3,2
-0.0806857687459296,0.213613198296355,0.00785761347728131,3,2
0.0330641770219356,0.286062293950528,-0.00404632440186484,3,2
0.00271159754736979,0.350490032533159,0.0394597665645436,3,2
-0.0432323981309072,0.286827689317776,-0.028879298428125,3,2
0.0619080641300849,0.289325328851266,-0.00992920440433392,3,2
-0.0283216671695784,0.355949405186096,0.0262117087594457,3,2
-0.0178657052393135,0.303917197789447,-0.0533522301088574,3,2
0.0311053325703079,0.252224560345218,0.0363028871302219,3,2
-0.0409508138417195,0.281530903222279,-0.111417952069842,3,2
0.00740553488647998,0.325906891724565,0.0252814213663889,3,2
-0.0362201278990662,0.381076200270106,-0.0652379514850542,3,2
0.0412791968853707,0.318139361340325,-0.00817316152456827,3,2
-0.0685710278529642,0.312752693244934,-0.0217008327260304,3,2
-0.00998131889937549,0.335676490678479,0.0428369502218631,3,2
0.0359503269814063,0.345549547294937,-0.0300292880866833,3,2
0.0201930854809409,0.357345538510728,-0.042379649466912,3,2
-0.0235332646561849,0.315119398639994,0.0901949944942248,3,2
-0.068038464081782,0.294636936635286,0.0247860746128808,3,2
-0.0326260423612081,0.265101505268169,0.000916903184434034,3,2
-0.0452978089728136,0.2909244065978,-0.0566461321801799,3,2
-0.105711853025825,0.272380801131752,0.00104441943351937,3,2
-0.0400147111202877,0.331490758921845,0.0524059750651143,3,2
-0.117736967496461,0.349437919050076,0.074188383055234,3,2
0.0385372336521271,0.239691035864015,-0.0227693810592062,3,2
-0.113188262228905,0.264054670934147,-0.0390683140416238,3,2
0.0188142728046532,0.28398430496348,-0.0641127216537338,3,2
-0.0450925878537441,0.309923511174569,0.0387923574322306,3,2
0.0292803159964612,0.274925126853876,0.0112734934614059,3,2
0.0155640266555339,0.236780385596307,0.0880492311178691,3,2
-0.0608872511890521,0.379586141488218,0.00351891155460304,3,2
0.0552661225085704,0.327981933587618,0.00265161403032705,3,2
0.0632308636486612,0.383344625036131,-0.0545804471420369,3,2
-0.0243795270241154,0.267902700450416,0.01088344810978,3,2
-0.0854786694891676,0.416519454695713,-0.00750994667688008,3,2
0.0135149236354519,0.26653413376523,0.0366339836125894,3,2
-0.0138659212522692,0.292845527790249,-0.0713270987083054,3,2
-0.0496336328085099,0.289904949813762,0.0269901281562137,3,2
-0.0870018371853043,0.323765741168097,-0.0921996311462422,3,2
-0.0655324743309737,0.295159119805108,-0.102092787339307,3,2
7.30346756140604e-05,0.292229356538949,0.0566450837279177,3,2
0.0662115952955689,0.356432865747517,0.110901180906065,3,2
-0.0157436284733407,0.260777094715197,-0.00672837684242728,3,2
0.00903752899542125,0.365414020095319,0.0169653895572261,3,2
0.0225871274248742,0.355236609322999,-0.0448296148529254,3,2
-0.0108951163998259,0.301195376591866,0.0371005482877298,3,2
-0.108699019197865,0.361429769530737,-0.0473902214140234,3,2
-0.0271491586363877,0.305452410237349,0.0250080362795627,3,2
-0.0269577764392335,0.268450114901235,-0.0324052138033077,3,2
0.0153394295623883,0.393441787957245,-0.084624579609456,3,2
-0.051245744766264,0.35042794498483,0.0418953792920797,3,2
0.0484464723420351,0.364683807663158,-0.0641161413481955,3,2
-0.0608931560544194,0.26738537557348,0.0224607253394801,3,2
0.0175784142957042,0.303434189766404,0.0443474286636452,3,2
0.0174010285282719,0.348660564167786,0.0228299744989053,3,2
-0.00706152550699189,0.388575844018117,-0.0333985716883867,3,2
-0.0327557013189343,0.299658460418465,0.0188938739858131,3,2
-0.00898190660187765,0.338446738132815,-0.0952998491248988,3,2
0.071192351314596,0.415808517639882,0.0627433035979425,3,2
0.0169867980477441,0.289561525970859,0.00321953468733514,3,2
0.0127020579610833,0.326002126127927,-0.0294512251308738,3,2
-0.00675799814291118,0.356960952694929,-0.0207128922530907,3,2
-0.0468602046503613,0.365614087218974,0.0261989382114247,3,2
0.0378477049232415,0.344266904580779,-0.018235005689246,3,2
-0.0567196470249415,0.318172695652423,0.0528385638006626,3,2
-0.0497694162228792,0.360566399670587,0.0547895758924984,3,2
-0.0315494571466627,0.372815512271678,0.0238715514254916,3,2
-0.0665003533831458,0.312754417347098,-0.0295072119388259,3,2
0.027661547295754,0.368502753248752,0.0570405415701076,3,2
-0.0293227599244231,0.222043184231586,-0.0419841116031826,3,2
-0.0633913695858077,0.337078239816872,0.105733419133181,3,2
-0.0813565384760117,0.307486120830236,0.00315234101586525,3,2
-0.00453733380522689,0.260417638259042,-0.00291769643000106,3,2
-0.0397579940400555,0.346090270522569,-0.00900166619483087,3,2
-0.013332080399166,0.174889252120582,0.0134481050228095,3,2
-0.0563816966870201,0.35623866728415,0.027035017066588,3,2
-0.000133997193875069,0.366656111688771,-0.0423973970710044,3,2
-0.126612275956625,0.281338897141818,-0.0397357830883131,3,2
0.0819545154594077,0.255273559735655,-0.00918882652844132,3,2
0.00921081196719158,0.373027967082983,0.0151893733706019,3,2
-0.131119587235348,0.318028420802069,0.0124344669078175,3,2
0.0381101471339955,0.332208885655836,-0.00904005035876954,3,2
-0.00895117806266794,0.232917431419369,0.12200130445545,3,2
0.0331064187953258,0.392994203925374,0.0244261441226108,3,2
0.0399475847451294,0.244299985872325,-0.0230297089732218,3,2
0.00703155998780082,0.379684111656841,-0.0427507539551586,3,2
0.00810153994646806,0.423239052532349,-0.0516856739766483,3,2
-0.106651011476713,0.3319171226992,0.0450087847006339,3,2
-0.0194239979194694,0.211075947189508,-0.0250129150429601,3,2
-0.00822557581821388,0.180590900245047,0.0316415800821724,3,2
-0.119128956277519,0.298790475461171,-0.0478737138885227,3,2
-0.0557398947906734,0.292985919463985,0.0387861337533568,3,2
0.0274649254618353,0.222692202799338,-0.0365571136092211,3,2
0.00790064015106438,0.217578709152936,-0.0863280553081425,3,2
0.0563270399881929,0.338869869342733,0.0146493378525218,3,2
-0.0839431035219324,0.256696509535198,-0.104721646471395,3,2
0.0674578953459788,0.301769775067018,-0.112348483969824,3,2
0.0608638049053817,0.265482939319727,-0.0409297133034331,3,2
0.00926812483640796,0.360213729602335,0.0562368804479555,3,2
-0.0288802145179497,0.326883955525692,-0.037118096527058,3,2
-0.121046763572366,0.307898032948937,-0.0184814517192285,3,2
-0.0150611150529856,0.396981425708925,0.0590464678145345,3,2
-0.0730884447125761,0.266276743493134,0.0203607506814693,3,2
-0.0739062409816642,0.324119171523944,-0.00229381904339575,3,2
-0.0451506745509243,0.366269733576658,-0.0834958632044726,3,2
0.0977277699285199,0.329721224074065,0.0419717238657273,3,2
0.0385015894000576,0.381839894722665,-0.0853439847714177,3,2
0.0408650636572974,0.220206878193222,-0.0960026427309161,3,2
0.111780418193773,0.239562153570693,-0.0371465789499873,3,2
0.0503833900759923,0.311564987503021,0.0204592465147406,3,2
-0.0736871036265026,0.277117255245851,0.00622621648446858,3,2
0.0445108976968187,0.359686828759155,-0.013381154812324,3,2
0.00295726645044348,0.194149080449196,-0.0791753017045793,3,2
0.0188762397081622,0.335653850212076,0.011365944644808,3,2
0.00544602175326993,0.380704165990555,0.0183644541208194,3,2
0.0730696785471445,0.240826017434989,-0.0342860892453449,3,2
0.0293365997460332,0.276846828563876,0.0761010490293672,3,2
-0.043545616128126,0.302699203939583,0.083629735600915,3,2
0.0295435397941169,0.330950134995702,0.0848875911015848,3,2
-0.0876346687694562,0.275374688837259,0.0489605842237468,3,2
0.00772689383064199,0.215291391159249,-0.0205474011881912,3,2
-0.0348248544225273,0.278725683551867,0.00749977314748785,3,2
-0.050319252633127,0.38393928782211,-0.10095313937499,3,2
0.0640794982031764,0.309084842759517,0.0252534905842134,3,2
-0.0496591892285224,0.346049031156801,0.0707023945767054,3,2
0.00779902860294235,0.290003804532001,0.025756224707883,3,2
0.0781493028889915,0.251567265301216,-0.0311823077107876,3,2
0.00625046280696449,0.269661034421746,0.0739862614483911,3,2
0.0417402660481738,0.262402680092079,0.0467948044276781,3,2
0.101902088825803,0.358650262009912,-0.0126464376552124,3,2
-0.0783811987420139,0.314127405117064,-0.0991693265660565,3,2
-0.0122933386748422,0.208986239619484,0.0462244861640988,3,2
0.0615989455002114,0.369786107009664,0.0799117530534405,3,2
0.0191645116796462,0.35493388274414,0.0976605484970428,3,2
-0.0254421828287155,0.318382525603309,-0.0104955468340329,3,2
0.0400383113695676,0.384914988162502,0.0996910789609763,3,2
0.0545444195022272,0.262236745513205,0.0400338499904557,3,2
0.0118994051321794,0.291154880491751,0.0823025528542455,3,2
0.092269693808925,0.351672215860572,-0.018818319769727,3,2
-0.0858058149435517,0.329723802839029,0.0914014820896492,3,2
0.000487853983855759,0.260239256176801,-0.0338876024060808,3,2
-0.0514376276054778,0.293873134108698,0.0835839885455692,3,2
-0.119797869394094,0.318919302925264,0.0881127274080961,3,2
-0.0379026009120794,0.204390308274927,0.0512839063433055,3,2
-0.00355123808898816,0.223007972420742,0.0348124580658385,3,2
0.050456266336906,0.304055174048815,-0.0580949804117487,3,2
-0.07776157909391,0.100396744982555,-0.060777769355502,3,1
-0.073131493900115,0.302906785727306,-0.0862049477249319,3,2
-0.00590772922098996,0.230801572415771,-0.109608792487942,3,2
-0.0309865336153404,0.325362029228868,0.00988334695619147,3,2
0.0476207610946216,0.240478985228746,0.0298359869147965,3,2
0.043549738187936,0.259187818022457,-0.0317125716967018,3,2
0.0358543307632496,0.387357634664322,0.008921851228518,3,2
0.0153920687241011,0.216732397987419,-0.0231067072467424,3,2
-0.0816709993300666,0.300022644843034,0.0415289503533359,3,2
-0.0104458321921931,0.327150087575136,0.0098464244458018,3,2
-0.0108041817618925,0.285247166032324,0.0147417289663897,3,2
0.0379159328533519,0.337100726125133,0.012623076150763,3,2
-0.0822909303377528,0.336543469042503,0.075046199665111,3,2
0.0110501448609882,0.291267026601038,0.0911915575521947,3,2
-0.0216471721723701,0.312748319245786,-0.0616419810974587,3,2
0.0392135009954238,0.316746033727713,-0.0773919798676628,3,2
0.0770280837796194,0.291463915309756,-0.0167040905565666,3,2
-0.0512094992282507,0.245288383030266,-0.0198660608363435,3,2
0.0898529586976593,0.379200870472068,0.0755890132940062,3,2
-0.0612969572033481,0.279951022756414,0.0193473343559005,3,2
-0.0129898512596818,0.338173225582946,0.00189817614977719,3,2
0.0556733664711014,0.245249837788849,0.00269686898437951,3,2
0.0510976894759319,0.319815686163798,-0.00662787069697874,3,2
0.0138255046605228,0.306465746016944,-0.140762628170251,3,2
-0.0388882655467645,0.156099629870254,0.0524360303269344,3,2
-0.0134210986333248,0.382065786688661,-0.0268089860342946,3,2
0.0535942538055706,0.257257583681954,0.0621359458034851,3,2
-0.0578518108980941,0.388753956686381,-0.0212393275720104,3,2
0.0140858297781364,0.294365984927782,0.0462741142318084,3,2
-0.0360891247739203,0.278361913317178,-0.0292178361680876,3,2
0.0176721029088723,0.255430887266166,-0.054465646076321,3,2
0.00429024235946433,0.331646461731715,-0.0445872683177512,3,2
0.00891199827939839,0.303634225652613,-0.0301446427008542,3,2
-0.0563375030288336,0.24802473665661,-0.0354193177710448,3,2
-0.0645196023034824,0.317077676762875,0.0554244789597269,3,2
-0.00531993941280955,0.208507773545841,0.105505152569054,3,2
0.0155756730808179,0.329700592983156,0.0484757429932255,3,2
-0.0369402699551277,0.256218976808938,0.103545832677234,3,2
0.0439159966069111,0.30087276417101,-0.0626474420594826,3,2
-0.068589008129594,0.329047573839739,-0.0601928417646667,3,2
-0.0429276132189678,0.321970757529096,-0.120766271898058,3,2
-0.0273640721861822,0.328221723517141,0.0887180156874788,3,2
-0.110906479875204,0.34625683832099,-0.00446523393494552,3,2
0.0413628360658899,0.404377510522412,0.00996935569993061,3,2
-0.0688528533477046,0.314002846109716,0.0477303552043625,3,2
-0.0545031526528263,0.41851685467342,-0.0197377633717085,3,2
-0.0293856428251694,0.243542363254431,0.0306960475154806,3,2
-0.0771195270116672,0.333659558662312,-0.0637703089714655,3,2
-0.0292542328882769,0.264996382766725,-0.0489110287142256,3,2
0.0303661333298912,0.316718695723942,0.0300435703291308,3,2
-0.0806671371667343,0.343804446885673,0.0324737297181773,3,2
-0.0713090935722295,0.288887769354043,0.0968914315156305,3,2
-0.058064592581534,0.270162497444994,0.0735300286919515,3,2
-0.0503783217911971,0.183526820609715,0.0287736055225004,3,2
-0.0502401156900009,0.26378860258675,-0.0104553704674877,3,2
-0.043621001280594,0.28972713654877,-0.00622468943084175,3,2
0.0253138420420959,0.329501462196174,0.0179318310085833,3,2
0.0518920157754747,0.218470854245558,0.0287687089405775,3,2
0.0715819228509343,0.352947866426156,0.0185644914796038,3,2
-0.00509160368965129,0.405843969036172,0.0663613121680663,3,2
-0.00434478341466411,0.278803823567445,-0.0341096625819094,3,2
0.00168271425460789,0.261572328476533,0.0157237854495581,3,2
-0.0369752206259019,0.317844462577792,-0.107523910712082,3,2
0.000518114877281647,0.217858866133238,-0.0176147213015584,3,2
-0.0917878218011008,0.349481433283364,-0.0470406948458224,3,2
0.0229213868260758,0.340162761037728,0.0794161927061565,3,2
-0.0122561647539377,0.405057705120825,0.0387189243252578,3,2
0.0714934910553082,0.248531728894934,0.0467800234473396,3,2
-0.0982264472443348,0.305168952390716,0.0102122264834149,3,2
0.0076237473252069,0.313344998007509,-0.053834728527716,3,2
-0.0159972165378846,0.334161521335336,-0.0669297570890806,3,2
0.0151411770456522,0.30589335612883,0.102090531586721,3,2
-0.029162431395126,0.276673939932755,-0.0102836670575339,3,2
0.0913658082868245,0.301134924422642,0.046244358579815,3,2
0.0822295545661978,0.258724008012095,-0.103342785887852,3,2
-0.0779347384784603,0.277089803686434,-0.032079956142578,3,2
-0.0411744534428247,0.311192177856262,-0.0932397869341869,3,2
-0.0526625141655239,0.350493686490311,0.0738082127285544,3,2
-0.0353187235426631,0.289734011557041,0.153857844995359,3,2
0.031643901564965,0.305166216387766,0.0181224169671105,3,2
-0.00874940822519596,0.305223062111152,0.131464043551436,3,2
0.0238610167642696,0.294337631452608,-0.0572225149684406,3,2
0.0459572371440013,0.330215100407236,-0.0157893356972991,3,2
0.0344001866691269,0.263624668950642,0.0176833392168792,3,2
0.00815026538027912,0.260169424292297,0.0225558441922722,3,2
0.0161929080126117,0.301246855110219,-0.0572150877743645,3,2
0.000508531568447828,0.106086267341999,-0.0751733583771131,3,3
0.0272780665188681,0.333335892097291,-0.0257716628417193,3,2
0.0249245724065388,0.378240210594838,-0.0681512154722797,3,2
-0.0744454275690825,0.373346425550811,-0.0118533232178362,3,2
-0.0506565375211783,0.266920598334755,-0.0479108746804379,3,2
-0.053237665205677,0.307259678695741,0.0383304401070608,3,2
0.0409179306923709,0.220500925327844,0.00700315082461049,3,2
-0.120748121484997,0.283367690317694,-0.0218072508084074,3,2
-0.0497009472886646,0.31214113856661,0.0360305842886001,3,2
0.0718964817969444,0.283296998101099,0.0667012893707212,3,2
0.0643505133083811,0.204070660112196,0.0197570116987255,3,2
-0.0403168861089971,0.290790646966845,-0.0434158361915691,3,2
-0.00981823365391959,0.320046878338894,-0.0449243635770986,3,2
-0.0794923881896903,0.311360145953679,-0.00474674230466669,3,2
0.0587215299783009,0.379256203875159,0.0157472835843413,3,2
-0.0198507290576024,0.239382177177204,0.10831842943232,3,2
0.0741287395101046,0.388202827875535,0.0185186184575602,3,2
-0.0219646284111248,0.315057814633532,-0.133292116106977,3,2
-0.0368289752879379,0.234875053136359,-0.0870151000432366,3,2
-0.0147222297426111,0.290680592589632,-0.0509468865653695,3,2
0.0639113805367627,0.293649964460712,0.0560911780245506,3,2
-0.0768794129340013,0.275020442597978,-0.0192570934961442,3,2
0.0270627516741994,0.284157869601131,0.0116184960843893,3,2
-0.0373751496866005,0.411262589874904,-0.0379528967906065,3,2
-0.0815365339303954,0.327601015050387,0.0170263698522833,3,2
-0.0181579922437057,0.253030134449204,-0.0601157808226745,3,2
-0.0450294456806164,0.238387730053237,-0.0611807700660918,3,2
-0.00681385658818879,0.234853343711605,-0.0779534152192278,3,2
-0.0651311700821055,0.319618558161438,-0.0166433117680453,3,2
-0.04402271886162,0.25766239183186,0.0503967247963681,3,2
-0.0221056785119719,0.310815000685212,-0.0181503646832082,3,2
-0.0536072086351984,0.332414683733291,-0.0343403551004461,3,2
-0.0157219785859693,0.328324271771557,-0.0502241905698446,3,2
-0.0426382760345981,0.324917593149205,0.0152747541911574,3,2
0.0294522185232428,0.307952352780054,0.114346874641712,3,2
-0.0496743473757448,0.337179559644616,-0.0403251709691307,3,2
-0.114400499622948,0.262339995714496,0.0825101347176145,3,2
-0.0231049334712616,0.268797016268976,0.0693456198763518,3,2
-0.064508328553544,0.328825073280965,0.0290358404220514,3,2
-0.0228556594288325,0.23759546896497,0.00307233991033056,3,2
-0.0360454372773635,0.412478317016527,0.00917173893683341,3,2
-0.0317399919234392,0.39799002627302,-0.016578109121955,3,2
-0.00226064018863858,0.370337626415011,0.00334177053189677,3,2
-0.029586885632816,0.321326092744819,-0.0406536603508647,3,2
0.0478064624659988,0.366113725379776,0.0439096216198761,3,2
-0.0185169191817542,0.244215062292674,0.0840023569158421,3,2
-0.0913736159679542,0.250348407072973,0.0321340645448206,3,2
-0.0146899998229828,0.301911002343297,-0.033634672964478,3,2
0.0182268434377741,0.206226736437507,0.0237070902814374,3,2
-0.0678120042078598,0.278835482130644,0.0413368908854146,3,2
-0.0546150158605453,0.379411478974962,0.00936204648778399,3,2
-0.0575381106293882,0.363844498752888,0.0485795819511147,3,2
0.000814239098205917,0.219106460583353,0.0358809641732159,3,2
-0.0658674152854376,0.354175991356048,-0.0694253593264781,3,2
-0.0301705454371289,0.313886846753542,-0.0872593747368339,3,2
-0.0376309490249277,0.312723437775045,-0.030774174895081,3,2
-0.0380068396831476,0.313417530152302,0.0506032620101171,3,2
-0.08533403924202,0.41617308263495,0.0266137670701711,3,2
-0.0115830465947867,0.31093864204898,-0.0362970435228495,3,2
-0.0409332795268503,0.327701818159694,0.0629565821030272,3,2
-0.0657943961508123,0.244764435122182,0.0387826495309107,3,2
0.0737736994087582,0.240108408979521,-0.0747303019955173,3,2
-0.0143294782588705,0.243235931805877,0.0335308960246574,3,2
-0.00428962540466799,0.290726996652398,-0.0496946036093622,3,2
-0.0726753608027364,0.319954720703415,-0.0634388391891328,3,2
0.0143693158341167,0.317533765561009,0.0463705862930151,3,2
-0.0444003741339917,0.22700257333832,-0.057520673469379,3,2
0.000389949378102479,0.332964962448066,0.0322634067438685,3,2
-0.0263352854034379,0.255963309122538,0.0511225572126467,3,2
0.0580135715377359,0.309349807664003,-0.121870613045675,3,2
-0.0483791315706244,0.358913665864245,0.0509556384621812,3,2
-0.0679904428449668,0.265110080321087,0.0596212828465593,3,2
-0.114814412317332,0.273409457975088,0.101917928779594,3,2
0.096254729587393,0.372048860494317,-0.0019814514954704,3,2
0.0187090320093401,0.251641057902023,-0.0396404975855549,3,2
0.0662245728794331,0.269466361049397,-0.00774391684412269,3,2
-0.0132322402665399,0.335418501350001,-0.0372234832651877,3,2
-0.120038938146729,0.298192541724207,0.0885180728220094,3,2
-0.100287963263767,0.379433627959168,0.00516962818326696,3,2
-0.057842630963873,0.321400233760616,-0.0389294883661578,3,2
-0.0233423445303548,0.241893321166885,0.0335553465973943,3,2
-0.0808029236849194,0.301666505361386,0.0476673161579103,3,2
-0.0033852145780002,0.296181815815909,-0.0189745044035639,3,2
0.0179868647262298,0.294695364521106,0.031057015029134,3,2
0.0544155035461729,0.264883816366122,0.0499763874026982,3,2
0.0443559953201654,0.264168378036021,-0.0816488943791992,3,2
0.0922338438407018,0.38070826017645,-0.075605220084549,3,2
-0.00345850417092027,0.299810105832476,0.0579836447945684,3,2
-0.0630964926443924,0.213110359809246,0.00931897519073964,3,2
-0.0358957187860908,0.254005395006101,0.0340205797446638,3,2
-0.0483677800983826,0.440081745309394,-0.0537109263462772,3,2
0.0462902748126418,0.257268215985741,-0.0366680981633643,3,2
0.0159562503098551,0.248991817710367,-0.00722078864863585,3,2
-0.0407423312950003,0.242380642945894,-0.0552422999082701,3,2
-0.0941531900245782,0.276039489569373,0.0125883158339785,3,2
-0.05251632552938,0.261666325974714,0.104088600756359,3,2
-0.0571476345720848,0.336378869878389,-0.0949714297775353,3,2
-0.00732363971024666,0.333496205890447,-0.0260750279895839,3,2
-0.0169267167795858,0.372181868014645,-0.0443523982749282,3,2
-0.0189863328536142,0.316874556822335,-0.0213379807289469,3,2
-0.0599485186312694,0.346406419409458,0.0260821337808505,3,2
0.0898839702083029,0.335035931686516,0.063871791770162,3,2
0.142288149157981,0.179195308121731,0.0931362372512251,3,5
-0.0157491753659551,0.297309258079835,-0.022886301492189,3,2
-0.0596574898493382,0.298195641847555,0.0112434382308287,3,2
-0.058266605885943,0.391995318522441,-0.0319998720331311,3,2
0.0678577958600273,0.252965398268377,-0.00737244589483613,3,2
-0.0323406302755474,0.302344671963207,-0.0486753458852577,3,2
0.0026142675677449,0.246462198446969,0.0218444310097958,3,2
0.00376969432152245,0.241332909762101,0.010894608030583,3,2
-0.0267038077125584,0.251955631517854,0.0314589077035351,3,2
-0.0287600563727298,0.210160024550396,-0.0130253646653897,3,2
0.0543310260985527,0.282724440588368,-0.0336595310307477,3,2
0.0372592984919093,0.312083635254391,-0.0299920295187435,3,2
0.0314918142220384,0.313224769978849,0.085426281209735,3,2
0.0105604233160776,0.370839342062096,-0.0909992666860274,3,2
0.00195777071977231,0.318815785550119,-0.0475379355032605,3,2
-0.075540655534029,0.354273319097802,-0.0159753222712517,3,2
-0.0237944635778436,0.334203363665818,0.00804084863993635,3,2
-0.0595500772754316,0.330814514496179,-0.0935591894938023,3,2
-0.0307407481318854,0.292710623353697,-0.00307740078653304,3,2
-0.0185957270836269,0.383105996387989,0.0521601719568682,3,2
-0.0886889595472579,0.314022055066015,-0.023033890560796,3,2
-0.0441016785300562,0.28478154526421,-0.0336063231283579,3,2
-0.00505437321700301,0.224607525577784,0.0190359020872472,3,2
0.0115047446005726,0.30548785993384,-0.134447634238578,3,2
-0.105032774546248,0.225455329993207,0.053328619172832,3,2
-0.00558631600020266,0.219467942187498,-0.0695740036060103,3,2
-0.0570547110372364,0.341324494073461,0.00611257494347514,3,2
0.0622231109036804,0.327904960347914,0.0685816317232718,3,2
0.0063488343968699,0.393972069763262,-0.0570684445089676,3,2
-0.104213659946308,0.338704776723095,0.0529110173620063,3,2
-0.0689929638225183,0.326089170503813,-0.0759326744419976,3,2
-0.0406397897034519,0.306886008314475,-0.0414097996439589,3,2
-0.0529739759629712,0.271772746479876,-0.031329262104781,3,2
0.0906939676041148,0.248907437853277,0.0453467957812295,3,2
0.024399948992895,0.320598901367503,-0.0514246992643529,3,2
-0.0502699659064026,0.262987073586615,-0.040921400789337,3,2
-0.0818617688042203,0.247566199738434,-0.015859959341216,3,2
-0.0427290466930758,0.294469312360299,-0.00761605794019901,3,2
-0.0569806761460277,0.182803605660918,0.0509532262811984,3,2
0.0637709603548034,0.299493662464048,0.0369291859492868,3,2
0.0751873424208809,0.220606234203536,-0.101022464671078,3,2
0.0843003383282387,0.330180972824633,-0.0466578720384394,3,2
-0.0119946326593926,0.392225584199223,0.0697434085451456,3,2
-0.0173402834724894,0.270534436667628,-0.020879586769354,3,2
-0.0138899797967256,0.262233563150212,0.0755339647433761,3,2
-0.0183529200854954,0.295397944402821,-0.0268431471782206,3,2
0.116003224078147,0.346845980245406,0.0731563481431143,3,2
-0.105219149301275,0.328339327324932,0.0813639003797595,3,2
0.019942324153925,0.355585197779998,0.0578622705410811,3,2
-0.0666260134345888,0.255629942217025,-0.0303806581548154,3,2
-0.0320458350006205,0.327262492900585,-0.00568354323317977,3,2
-0.126391212323815,0.254795256530843,-0.040149931925475,3,2
-0.0491436092692212,0.361863256116217,-0.0131825272270892,3,2
0.0971539388479276,0.270079314421304,0.012562539845046,3,2
0.0824314728510155,0.33255162491003,-0.0356568581589846,3,2
0.0464512031033212,0.279730257954158,-0.0619862236125464,3,2
-0.0691889294767747,0.257032748399023,-0.0111526842516461,3,2
-0.0574628364435223,0.403961015285816,-0.0175854827166149,3,2
-0.130634121850194,0.246597861768412,0.0791659849941284,3,2
0.0738151198428377,0.261537233826874,0.0242803569009091,3,2
-0.0519077294190661,0.305446894147572,-0.0827786851405191,3,2
0.0435181884083831,0.326559095929464,0.0345569187084832,3,2
0.029141681022664,0.362056247116975,0.0631294284024717,3,2
0.0622195690069887,0.345168401805354,-0.111976164408454,3,2
-0.0271919829082938,0.248819387902387,0.0772447094076426,3,2
0.0269760203781263,0.311935346409196,0.0302524525553026,3,2
0.055264202067403,0.294643018086591,-0.0385020734840066,3,2
-0.0921802355467337,0.311488578603826,0.00654889282084656,3,2
-0.0624170391531452,0.238900481286827,0.0109753570589656,3,2
-0.0408318318158337,0.308252800143803,-0.0170753977136008,3,2
-0.020785617149467,0.29897563999214,0.0709689716235558,3,2
-0.0252536453944181,0.285122674091248,0.124200614035027,3,2
0.0459570085563992,0.415037223191483,0.0158677949997123,3,2
-0.00428037001180243,0.199615223208525,0.0650093302756539,3,2
0.0499323161699896,0.310156708550892,-0.0881699358654758,3,2
-0.0015622072432157,0.261980145623631,-0.10542433295999,3,2
-0.0274783043693681,0.414488079868584,-0.0585440648161384,3,2
-0.0462599991399618,0.34256805944003,0.0776557913718008,3,2
0.0631690603617422,0.255573011076252,0.0826941509080116,3,2
0.0581081599680963,0.265390798709012,-0.062799735584445,3,2
4.56269758386071e-05,0.296492093011981,0.10063874652301,3,2
-0.0714543830876018,0.367379489088029,0.0519726188177506,3,2
-0.0624088248441644,0.333852393969438,-0.0338416698351819,3,2
-0.0592915215749112,0.278057385462575,0.0426287684424332,3,2
-0.0205080332674466,0.265682161030599,0.0117400962845811,3,2
-0.0216820131596915,0.346544493996231,-0.0443771025405158,3,2
0.0213667311013849,0.266496078179605,-0.00911985463297512,3,2
-0.0364662251103324,0.31105391146102,-0.0987263264701771,3,2
-0.095826850521274,0.250653333613827,0.0367361957864941,3,2
-0.00150479562664878,0.326933581610002,0.0138341592674593,3,2
-0.0611272719525045,0.434480041602341,-0.000260638608362889,3,2
-0.0627565949940749,0.305266378603159,0.0157584271663559,3,2
-0.127635420418921,0.23597104917494,0.0828873378503268,3,2
-0.0607954855410569,0.296711095928224,-0.00847518847045949,3,2
0.0689672785669721,0.270922174706687,-0.0410070274783498,3,2
0.0205652620967869,0.292616431135675,0.00659672851708231,3,2
0.00265784121959731,0.286761938189076,0.0519756523946111,3,2
-0.0460874255647527,0.323750641740413,-0.0228099082997552,3,2
0.0251670227687971,0.344438725815482,-0.0350972785522583,3,2
-0.0459534744575013,0.284633365457767,-0.0220761403450972,3,2
-0.0204295633539999,0.281561486480764,0.0600722741772722,3,2
0.0509376427018921,0.349971315030122,-0.0530258049249307,3,2
-0.00319141346654234,0.298207241049588,0.053545213423827,3,2
-0.0438286275432837,0.26909443709413,-0.0458464477854268,3,2
-0.0396502315273904,0.281966249678498,-0.0196580772108341,3,2
-0.0685851489276295,0.323637001234016,0.120932963853278,3,2
0.0602575737337908,0.29534320240463,-0.0268912126878975,3,2
-0.0565142928898716,0.324554794071875,-0.128292992809817,3,2
-0.0240003516277039,0.329364382578132,-0.141404416922629,3,2
-0.0201991126158291,0.209920281499737,0.0183146919767492,3,2
-0.0332980034891225,0.341523242339203,0.0426863109444146,3,2
0.045532011980462,0.331566448453413,-0.022107474049209,3,2
-0.04595284526678,0.318904519336592,0.102914203780876,3,2
0.0948866343749783,0.229833168785355,0.0547817885468794,3,2
-0.0178538577863287,0.350457690728334,0.0356846543055804,3,2
-0.0874620148932766,0.259911890744969,-0.00949402047833301,3,2
-0.0984075577124897,0.308017771575758,0.0388049178887799,3,2
0.063414000283794,0.393854762711227,0.078018745931987,3,2
0.0693818752102638,0.283132381955692,0.0285865466030387,3,2
-0.0550566247117454,0.257577823493342,-0.0248652265862058,3,2
-0.0245364566394188,0.279171934557479,0.0548400802627852,3,2
0.0563975002139131,0.30556411759304,0.0315811606427912,3,2
-0.0551860339856188,0.346216859945345,-0.0706863452565062,3,2
-0.0942587578967022,0.422598409378846,-0.0210367027608329,3,2
-0.0958237527189571,0.392455276010609,0.0220005460530363,3,2
-0.000518689339382723,0.265639832561567,-0.0720024213419654,3,2
-0.0700235600616916,0.259710636057078,-0.00988460382803603,3,2
0.0425390394711525,0.372947361247719,-0.00600821267297971,3,2
-0.0111957739602928,0.321372352952615,-0.123125121316985,3,2
0.264243539111422,0.235190144990619,0.0170112168746865,4,6
0.336774673543615,0.231747238021701,0.113025880159698,4,6
0.428689989336953,0.292421866869041,-0.0185041750699531,4,6
0.35851847594017,0.301665317829107,-0.0602882565517136,4,6
0.265614926131117,0.261897548516157,-0.0362628361479856,4,6
0.318643978675075,0.215974197189531,0.0322327792176283,4,6
0.287471196567272,0.27546946433056,0.0253682561938698,4,6
0.230458368284866,0.258785303302418,-0.0596283095769949,4,6
0.253749642646134,0.358266284638713,-0.0586087043460332,4,6
0.202695487256255,0.384848318587985,-0.0330546629692221,4,6
0.352097658915635,0.370612478349872,0.00774663589492411,4,6
0.331815966705542,0.35211715269342,-0.054259415849485,4,6
0.283729688764717,0.288453845478445,0.00672862320534012,4,6
0.176328334436067,0.240306277764847,0.0158070723770617,4,6
0.318203731764546,0.261071953891966,-0.0682160728395919,4,6
0.412645081989861,0.275171211914386,-0.0370443181708232,4,6
0.289343662028684,0.376960903322468,-0.0295194800268651,4,6
0.31111834052937,0.327995106973363,0.124901602624756,4,6
0.245600655658346,0.332501234014905,-0.0599073676749398,4,6
0.316588981088535,0.305341257668555,-0.0802218647047172,4,6
0.272893512769956,0.231631244131382,0.00896701218009509,4,6
0.263546855977115,0.372363300379216,0.0303326132597858,4,6
0.292292589119139,0.213656697753157,0.0831133607485505,4,6
0.319603726099956,0.383033224668357,-0.0205439415821387,4,6
0.371023168152891,0.329181364248131,0.0103254699632165,4,6
0.308598287463666,0.2964210995704,-0.0454932612741016,4,6
0.278170042401251,0.318752777544232,-0.0801099678162802,4,6
0.363500059328095,0.304034378293446,0.0352001610364113,4,6
0.291503975490494,0.269749550638407,0.0644319277262671,4,6
0.265209502286316,0.32207215926549,0.00550860376372181,4,6
0.242370514203152,0.335161755267108,-0.00137501076533706,4,6
0.340555675655309,0.287952957811212,0.0749763614253624,4,6
0.359911657021579,0.371272538807863,-0.0794466563442893,4,6
0.239287731546158,0.254191181985611,0.0360343441582916,4,6
0.257048866218367,0.28852322512909,-0.00410960022884455,4,6
0.351505756745947,0.295968565909914,0.0564747299731269,4,6
0.294872644404185,0.388645869094275,-0.120600646338818,4,6
0.332941175682195,0.228011486225582,-0.0154952284041668,4,6
0.274279293378424,0.297165984554263,0.00898898059050438,4,6
0.330746891629526,0.328748342408859,0.0408188150485444,4,6
0.315721187522109,0.363533364494649,0.0506647511352643,4,6
0.276943033766951,0.255966402164746,0.0464902814221588,4,6
0.269766642388988,0.289749079236364,0.0820459490693985,4,6
0.335654345949984,0.201597894518429,0.0212644176873652,4,6
0.199425591152069,0.35786928424926,-0.0267124939328597,4,6
0.387831896928815,0.295104406954084,0.0395048935609379,4,6
0.280690613532647,0.320081605303605,-0.031242040106609,4,6
0.236808958980603,0.288588025970076,0.0432422950476138,4,6
0.306622007472001,0.302978864037051,-0.104559713676942,4,6
0.26064803047019,0.331263963249703,0.0942456267908432,4,6
0.18909892716695,0.261908998375455,-0.00405082448845061,4,6
0.328322318348209,0.354684264447755,-0.0788926373810714,4,6
0.309382201378964,0.339527582017571,-0.125782713393999,4,6
0.341757309583328,0.280542915287646,0.0135254814082844,4,6
0.256861156363846,0.266136447858999,0.0216259559905344,4,6
0.285147423912022,0.182372285515548,0.0180213872342526,4,6
0.215944247185917,0.303281818910022,0.00330536707704781,4,6
0.318180654794344,0.250066032923023,0.0316104008115015,4,6
0.32263467637769,0.332484109992317,-0.0347458038513244,4,6
0.194201189087183,0.337749082434168,-0.0410385107785315,4,6
0.315307219264778,0.372885012389992,0.0229761742629281,4,6
0.33732859385508,0.347165571037484,0.0063668535220753,4,6
0.225149653297383,0.336898855763878,-0.0571841564803636,4,6
0.285816846731797,0.277510219335284,-0.106330057969799,4,6
0.297993003398528,0.212731229374566,-0.0311508770497125,4,6
0.297513682603504,0.296041397920847,-0.103834473532801,4,6
0.297070335273385,0.346829004697022,0.112008137880918,4,6
0.29405802949536,0.317785808649211,0.119411871239125,4,6
0.280180627467126,0.213904613025003,0.0507683645398243,4,6
0.337865750663131,0.333336828022307,-0.0306141256936251,4,6
0.312819159759936,0.346490274266613,-0.0322110638978543,4,6
0.230867833044564,0.285379829655421,-0.125796354921959,4,6
0.331771722945852,0.338192443441339,-0.059170995274297,4,6
0.296055179513636,0.36030056792148,0.0528737212421353,4,6
0.256514643432945,0.343699752058291,-0.0804212182841654,4,6
0.3360470535219,0.392632739335547,-0.055027064388896,4,6
0.18107267575013,0.318839334506164,0.0444257266095398,4,6
0.240817084285749,0.378333520334382,-0.0345885675318256,4,6
0.297477252270619,0.318408182299711,0.0140175093829646,4,6
0.292571649087503,0.255449020697925,0.0473491796511227,4,6
0.295585207822435,0.377025628927806,-0.0467682241254206,4,6
0.198854752383015,0.294439968605919,-0.0633940406097344,4,6
0.334302564733816,0.322651632792822,0.0231347071547132,4,6
0.281981435824746,0.217001145658425,0.0264043636328174,4,6
0.321897281422096,0.327301880953909,0.0605410543276497,4,6
0.281460458827552,0.337802980029493,-0.0177441985277932,4,6
0.254893662395076,0.353762294891279,0.0169024364266291,4,6
0.252806592049447,0.267061046405241,0.140164009064233,4,6
0.248013164144252,0.233174955766487,0.089479930715301,4,6
0.311162859699233,0.332783304177329,-0.0245188104608573,4,6
0.272703316182237,0.330408922878558,0.00690707254172953,4,6
0.405754803674386,0.280127778105607,0.0635311616275385,4,6
0.277003553283864,0.276861058713041,-0.0772111285663929,4,6
0.287770021904317,0.303350275023827,-0.114486555623647,4,6
0.410858070183909,0.264855856130314,-0.0350135381216,4,6
0.322630411958265,0.275940196801392,-0.065401368169382,4,6
0.335643125524062,0.349800012273918,0.000972589854536408,4,6
0.300035382467471,0.300137199874654,0.012754710453398,4,6
0.296607095921113,0.259753780728516,-0.0110159492261668,4,6
0.239417876149312,0.269561883751354,-0.019144049270913,4,6
0.358661926221014,0.24525300260812,0.114463860641782,4,6
0.290755300333771,0.254387877425075,-0.111786147518905,4,6
0.276991740306917,0.295269229416393,-0.0237344005229188,4,6
0.215880389141321,0.293252539861719,0.039153758809526,4,6
0.287659195118225,0.327078275954709,-0.110282433381077,4,6
0.232981978563381,0.334254069190928,0.0202354913994425,4,6
0.270182415759457,0.218034800392557,0.0684119765930296,4,6
0.309423352329036,0.317383249897351,-0.00826776777973857,4,6
0.250692078858368,0.306971070182688,-0.0034826541924531,4,6
0.254023844618661,0.295615208926845,0.107956477353182,4,6
0.350267186595523,0.276445985411547,-0.104697655825277,4,6
0.328234530524957,0.243383796461242,0.0327648609864199,4,6
0.237935880688556,0.299359906713546,-0.0968265862688556,4,6
0.197292166042834,0.30660612789498,0.0471072904021864,4,6
0.223602239986473,0.285019502167975,0.0869683842303839,4,6
0.301525694773816,0.27984692510585,-0.00167754226930018,4,6
0.349672284433415,0.22703332583419,-0.0219042078049699,4,6
0.295691538541539,0.289108175235941,0.0275951363219597,4,6
0.236738251085232,0.224911506344828,0.0657978336621891,4,6
0.304425249505109,0.315565807866745,0.0796138170856431,4,6
0.26637107132219,0.229177556577709,0.0579243640145492,4,6
0.192366210555521,0.238280196136091,0.0937530294024304,4,6
0.240010516750255,0.339407944178997,-0.0456525882805139,4,6
0.254102876468185,0.341788113608399,-0.0172704604252372,4,6
0.169293707917407,0.392996348506793,-0.00944790968140751,4,6
0.177452969076805,0.365362034341427,-0.0459727254637786,4,6
0.288999101319461,0.290802080903515,-0.124436469451662,4,6
0.333102742018162,0.234101152052903,0.0130999841410244,4,6
0.23312320630484,0.183095679596011,-0.00518979067059242,4,6
0.34447904906517,0.378296376618622,0.0196508827228203,4,6
0.284310739324212,0.400266873627099,-0.00398532555734621,4,6
0.346846231435487,0.19365385909437,0.0291875021870092,4,6
0.271654197451164,0.288827527753372,-0.0155072804500724,4,6
0.231226852144628,0.271309635110991,0.0730835152162359,4,6
0.260033961829992,0.302613836036495,-0.0210123893871935,4,6
0.319455834664298,0.308217423104305,-0.0457116228267606,4,6
0.303741522169293,0.219728184091163,0.00866514486225595,4,6
0.223759629281694,0.292503185991696,0.0105353394036648,4,6
0.278059516783995,0.298803090842718,0.0105907865934648,4,6
0.282373963222675,0.277769295886719,0.0306478091681818,4,6
0.397223918045951,0.264857283176106,-0.0236197316094645,4,6
0.204972569690004,0.258596018569907,0.0433947269819273,4,6
0.254988859902172,0.285153014787818,0.0835463483552159,4,6
0.25552869700107,0.230581845776706,-0.069453673111562,4,6
0.287142367302191,0.223136386446587,0.0476403949097442,4,6
0.26823848966483,0.329698384946573,0.0109211689067474,4,6
0.349662927171099,0.282723483305954,0.00295716686741873,4,6
0.236128739714258,0.404032170651934,0.0746194877659254,4,6
0.18587952171098,0.368996378931939,-0.0190189977242479,4,6
0.265960757796556,0.254498538505923,-0.0610170864406318,4,6
0.300579516079841,0.26077590446031,-0.00947943046178379,4,6
0.340457383105371,0.295809874698632,-0.0794151187355047,4,6
0.272384748066462,0.301744580763034,0.0805541735810141,4,6
0.216264333653158,0.25861032975999,-0.0399710602597625,4,6
0.277521871655574,0.33855142533956,0.026126903517212,4,6
0.287100697026735,0.15359650549996,0.0396414202894595,4,6
0.202767978372379,0.252124396296881,-0.0964569242851839,4,6
0.358583287429932,0.283292914095265,-0.116291417525122,4,6
0.253216063444014,0.241615320970933,0.066533099523915,4,6
0.268385315903928,0.257132739316385,0.0400946603085338,4,6
0.401423183994282,0.239277128629801,0.0410054385794007,4,6
0.266151761287809,0.195169348993517,0.00692029256831897,4,6
0.254858302014216,0.209432929596281,-0.00737416986295883,4,6
0.209712964627663,0.335639874096716,0.0592731989677475,4,6
0.274183121371481,0.250084566320306,-0.0778554288989519,4,6
0.233729106120563,0.238042330787681,-0.0800360323522335,4,6
0.219736774973152,0.335316129823603,-0.0656256640606465,4,6
0.235230173096605,0.253261109016399,0.000442959881389863,4,6
0.325008016122864,0.327407902800823,-0.0478004152334465,4,6
0.223708080992513,0.267470591541979,-0.044023390385195,4,6
0.321025658671405,0.287050617169745,0.000725413212300851,4,6
0.325583164061438,0.213989389889709,0.0682868467270921,4,6
0.253663116512966,0.268600360904377,-0.0554517804727247,4,6
0.32608551864561,0.335894163368801,-0.0850820606079477,4,6
0.2719836786906,0.297905318225599,-0.0177581365686699,4,6
0.264724652743215,0.308709327871885,0.0118372110790463,4,6
0.341599919713033,0.319037855832957,-0.0156686350569516,4,6
0.299069362539879,0.24388185635452,-0.0267216546497836,4,6
0.32099429310964,0.339626354044728,-0.0347976109486154,4,6
0.241745636512999,0.28576618640336,0.0751840303126944,4,6
0.285581451451967,0.263902460091138,-0.0680771991835378,4,6
0.294039491938289,0.187454245387525,0.0452584778623404,4,6
0.25411271923111,0.262266692582422,-0.0049111632260184,4,6
0.308960178179167,0.336216614231183,-0.0261256245080288,4,6
0.23112491514596,0.352260831163039,0.112992548673836,4,6
0.292402253036362,0.383944618619002,-0.100201073447255,4,6
0.157739326896221,0.301367428372572,0.0649056276902295,4,6
0.245322558863385,0.37170543214131,-0.00876545781541544,4,6
0.283245266690973,0.390118739994914,-0.00843779035048894,4,6
0.295888252886399,0.363928788699226,-0.0636853220629225,4,6
0.250985850197086,0.356679777725607,0.0118210582853348,4,6
0.259227299160877,0.224800770956614,-0.0916169760831987,4,6
0.284079580031403,0.360679364248614,-0.00477312946544388,4,6
0.224319842066421,0.26303869812544,0.10650054538997,4,6
0.35287619056399,0.341412025548239,-0.0892214895075887,4,6
0.362614328042571,0.260405586946051,-0.0161835789171977,4,6
0.320983190207026,0.374919057474532,0.0807318144432538,4,6
0.291590839871537,0.392332947199891,0.047798535318331,4,6
0.242391029434307,0.26198769902297,0.130095136081285,4,6
0.187867087165022,0.311223249016733,-0.116504726028432,4,6
0.31489518206435,0.261815475041825,-0.0338515874675691,4,6
0.235202712295004,0.301986654014272,0.0466852943187047,4,6
0.269607252107894,0.330983291123442,0.0926903189749395,4,6
0.250470638484228,0.241668840545552,-0.00893431483407941,4,6
0.311417989201974,0.245728556924929,-0.0727884466584,4,6
0.249248592949649,0.361098568397038,-0.115463238858384,4,6
0.277155025962796,0.339602250529972,0.056861316059471,4,6
0.325905938601402,0.401008995279107,0.0692841675368723,4,6
0.240144052712989,0.331274493514339,0.0518856315701099,4,6
0.270915046335319,0.326920734573133,0.0583042568448992,4,6
0.265550421137646,0.263427850495081,-0.00951849114143523,4,6
0.336628856351819,0.26968378533488,-0.0120071746019911,4,6
0.366887260998765,0.316595018721656,-0.00615119415362719,4,6
0.258191019530709,0.310959462269312,-0.0478780508844157,4,6
0.327795972895961,0.293023554127579,-0.0337301774585068,4,6
0.287993228064326,0.196553995584948,0.0258054912816625,4,6
0.194602500821857,0.27145890015536,-0.020389167424595,4,6
0.263552243345654,0.348383804125757,-0.0730556913617345,4,6
0.290586024518676,0.219225986049435,0.00809735424913633,4,6
0.273232212750265,0.331203677834814,0.0602187486584581,4,6
0.406993932257172,0.28789425550045,-0.0519451932638855,4,6
0.362418873686179,0.35405583213904,-0.00601371773100245,4,6
0.241284201249336,0.319533944712649,0.0484044884592348,4,6
0.33588851571408,0.38865441974019,-0.000899039658407824,4,6
0.271043493835789,0.213351512882657,0.038782144770455,4,6
0.317453091067367,0.349864424399013,0.00785894005059773,4,6
0.160695858726278,0.316436163358353,0.0268774095817194,4,6
0.21127191390401,0.240687880212466,-0.00825410231117752,4,6
0.336270712811298,0.374004524652386,0.00855876562362252,4,6
0.239750488902674,0.29344164810082,0.0159141771852202,4,6
0.341391760798584,0.235316848352327,0.0998273209115225,4,6
0.270920037442043,0.337575687747739,-0.0350989813104631,4,6
0.392683724365874,0.238691608497961,0.011181246174085,4,6
0.268629523018567,0.30637736692734,-0.00764586815857939,4,6
0.284406458212285,0.289908694748481,-0.00341972246793807,4,6
0.290623672425379,0.388230814979119,-0.0217332079461803,4,6
0.284664322449161,0.24746555576966,-0.0360945165070455,4,6
0.236398418566303,0.308101288905182,0.0809775648775202,4,6
0.325079659784375,0.277360747624137,0.0306809143892288,4,6
0.321971539434432,0.278750220894438,0.0222329730605905,4,6
0.354851665890837,0.258964780893271,0.011076110110492,4,6
0.310759689910915,0.324978498076219,-0.0856278845405938,4,6
0.287817612119524,0.344325792763726,-0.0814120352651865,4,6
0.299141173402356,0.233866745278849,0.0879707549338224,4,6
0.334556163783058,0.329627790888292,0.0234353135046106,4,6
0.317207891774993,0.300212385243691,0.0478578894405747,4,6
0.189617734358976,0.320725263422507,-0.0199407349670426,4,6
0.355277497039725,0.282300714790146,-0.0123975712069561,4,6
0.338333064305022,0.329269250841058,0.0213483905086042,4,6
0.242973145463263,0.268471229906141,0.0897220486746849,4,6
0.271599004087554,0.24212912006911,-0.0346964506473674,4,6
0.304157660778241,0.384475624532415,-0.0879202161995838,4,6
0.313645287714859,0.311943682191157,0.0646406778683163,4,6
0.263488407292308,0.298696161491475,0.042019962155819,4,6
0.261812329530262,0.266373284055769,0.142337465072707,4,6
0.261310207890503,0.352335161930727,-0.00575682581778948,4,6
0.250123757071648,0.180912075963256,-0.0263595680554851,4,6
0.303864974159836,0.352586263995135,0.0106020136014123,4,6
0.188694200292447,0.257494969900707,-0.0760908317525473,4,6
0.314379033980177,0.200864657187952,-0.0482504495621427,4,6
0.196145384560773,0.27605185143928,0.0454080357647671,4,6
0.233992824866581,0.29206063309541,0.0346291418420801,4,6
0.251829512143187,0.282236572022475,-0.0208028351838513,4,6
0.259995239226434,0.386436317051156,-0.0921612260441405,4,6
0.252122888375708,0.306258951250139,-0.0838766531015196,4,6
0.319312677272564,0.365399740585319,-0.100290859033898,4,6
0.22354724253995,0.301857336505298,-0.000572492591968942,4,6
0.314876990077479,0.276348853286619,0.0662562276790918,4,6
0.245189915207195,0.263586533848009,0.00769390283293064,4,6
0.292231360379849,0.195913271787493,0.0442568136763952,4,6
0.285534584546798,0.359172056413478,0.067392553284463,4,6
0.317105623322503,0.411008936146101,-0.0870040815787386,4,6
0.322327085397877,0.274120900195872,0.0265868715696781,4,6
0.347038585316702,0.315593388425859,0.0727113606806641,4,6
0.274342853868068,0.328380806504002,0.115936486083602,4,6
0.207412599786118,0.263347164028428,-0.0218111170995503,4,6
0.274231665696844,0.360827820462091,-0.0344349972701577,4,6
0.312822425924882,0.346282069817051,-0.03982555028825,4,6
0.286865104266424,0.421850860594193,0.0619466268830042,4,6
0.301897061853825,0.25146181516977,-0.0552037741619872,4,6
0.256387867849547,0.338342566411464,0.0486921010886044,4,6
0.294955235891316,0.28746387218616,0.0282826811419937,4,6
0.211023760034286,0.273222998281377,0.0135498649324241,4,6
0.304871481731586,0.230946174376118,0.00723810930728297,4,6
0.208426434331422,0.305534555847105,0.0610665096328302,4,6
0.203350616061404,0.277455603145566,-0.0758609786568052,4,6
0.316471580336339,0.279087467356416,0.122059911414621,4,6
0.266858986256727,0.211784608869258,0.0525366558498946,4,6
0.279640067849145,0.380411732969802,-0.0210045799955002,4,6
0.35276065822895,0.279727705465377,-0.030592166705008,4,6
0.346874037998398,0.244588689813089,0.0853029566731873,4,6
0.365843978753992,0.289599950034222,-0.0638171131083443,4,6
0.357398269067066,0.313720290416004,0.00500668729422807,4,6
0.218265141143507,0.395015277618895,-0.0109875094747612,4,6
0.238107940151834,0.258400643564787,0.0826383048102608,4,6
0.355367108311749,0.251593415466831,0.000346361185639136,4,6
0.31534277893511,0.328430148138617,0.00901448359646816,4,6
0.360030266284806,0.297548199157962,0.0159179525389987,4,6
0.293884548382886,0.324379967631691,0.0367250231267714,4,6
0.252985054599962,0.319745647935297,0.04655119978788,4,6
0.231617201007723,0.304010503828939,-0.00910666791319008,4,6
0.263561491627934,0.298485869189594,0.0318970756965816,4,6
0.341985700733281,0.287952741265924,-0.0484630305030238,4,6
0.270488100954731,0.288356471487383,0.0181982779828399,4,6
0.219557507594971,0.392122556844748,-0.0250025791719942,4,6
0.329572869374178,0.339373250375031,0.0847935425041756,4,6
0.336397122131632,0.349396052358333,0.0364740594866876,4,6
0.314693007468657,0.265799362205407,-0.0929492980718342,4,6
0.236438016808368,0.292440642733761,0.0969005262326449,4,6
0.254011040924136,0.235421931593276,-0.106136188818293,4,6
0.277476298089875,0.315127765176783,0.026101391851828,4,6
0.379528064305516,0.231194751942922,0.0797685269070788,4,6
0.334847710042152,0.241642867712333,0.00122806115972319,4,6
0.243527496601919,0.409086821732911,0.08699042440974,4,6
0.305411552538943,0.357500152405116,0.0535115553069877,4,6
0.29347307068731,0.396264841550985,0.055504412927189,4,6
0.294468085352186,0.351647313925901,0.0680312321089062,4,6
0.28245108830976,0.231813032649427,0.0320428892011675,4,6
0.247936094084103,0.299436314104956,-0.0316452543881208,4,6
0.31474322043919,0.245969602697716,-0.0198465792413907,4,6
0.279673874325232,0.421542385256294,0.00358468217705257,4,6
0.319872480500103,0.23424649558642,-0.0531201442128055,4,6
0.222951402134018,0.292980579111019,0.111882306282046,4,6
0.355963336450456,0.329567738926916,0.0229523674513153,4,6
0.35320208259435,0.323145858957446,-0.0779806383096929,4,6
0.215821142688466,0.290855455677856,-0.0480874082261744,4,6
0.255981903306553,0.293801155681001,-0.0470759577893252,4,6
0.287258330230645,0.322326221427701,0.00943943248456497,4,6
0.373491469710708,0.303477425214379,-0.0125103770472184,4,6
0.319045381535868,0.270162405861119,-0.0634610892181538,4,6
0.282341865992217,0.231123200840268,0.00108951123920091,4,6
0.210184459524923,0.258060712335205,-0.00833564210220521,4,6
0.323466188414211,0.391087731041585,0.0749131297947063,4,6
0.278205543776016,0.251465994463522,-0.0521451442029541,4,6
0.327934725762155,0.307955154913708,0.0620183221412085,4,6
0.344848013577377,0.311177594075062,0.0738787341940595,4,6
0.283152947283739,0.220274698094801,-0.089166990284731,4,6
0.245842636794292,0.41068623509443,0.026583626810297,4,6
0.363654344095032,0.289772257214212,0.0117634137226385,4,6
0.227891304404275,0.381205017628644,0.0853767524327022,4,6
0.214869223061176,0.227047471741653,0.0271668961584411,4,6
0.30140627464362,0.294822811706766,0.0328400984762432,4,6
0.314684060088077,0.321291642541286,0.032389803637665,4,6
0.29077674985801,0.407840346404766,0.0976605168720678,4,6
0.333948768717477,0.235866537355693,-0.0521239165217239,4,6
0.218121589967797,0.288146227098829,-0.0106781726641389,4,6
0.215504909070469,0.230224544328696,0.0816623603517188,4,6
0.240271802712156,0.307687505128779,0.0816116149407636,4,6
0.235936398140287,0.232183192604871,-0.00153636460050021,4,6
0.352320176871938,0.402681075023982,-0.0907036770979281,4,6
0.338193031894243,0.364442331248633,-0.0230031569491387,4,6
0.307879985558625,0.300698765035986,0.0920822087900085,4,6
0.32811095016289,0.402409797044799,0.00107806552710557,4,6
0.337705751664763,0.262222766193713,-0.0613595902877867,4,6
0.29617625982066,0.390125329356669,0.0937213712013444,4,6
0.299268061915706,0.389610138621898,-0.0458158812003217,4,6
0.269432730816152,0.313048609897235,0.0476935495131728,4,6
0.261106711181773,0.292502822132597,0.0476096917478725,4,6
0.324842190416906,0.308831577070106,0.0585443522596098,4,6
0.250067953671657,0.295721135437314,0.0296025180390976,4,6
0.330893649045652,0.264294470682854,0.0497932869784185,4,6
0.244537107773644,0.332353929430375,0.103425824772035,4,6
0.329433238746009,0.311090669772613,-0.122121139308706,4,6
0.271519075121626,0.307526696025396,-0.00379497812692128,4,6
0.236294272651038,0.263230168164672,-0.00737909139733111,4,6
0.316689203205183,0.286725041966787,-0.125046185593305,4,6
0.31755107458608,0.245695339937254,-0.0460882805349714,4,6
0.37910928917862,0.232775160832078,-0.0313444875237634,4,6
0.245679324934168,0.393255359238183,-0.010326937611176,4,6
0.220277020606119,0.262197427133436,0.0132999937732014,4,6
0.242943284625019,0.377541817997632,-0.0522308999500327,4,6
0.266256925840179,0.306514186719091,-0.0620172452628053,4,6
0.23338269310251,0.156502772149635,-0.00361833434068491,4,6
0.202025097913248,0.346773645050119,-0.12089798119573,4,6
0.336862537038184,0.398351162545237,-0.0122243349008918,4,6
0.256823846411793,0.305516294056326,-0.0180507766819036,4,6
0.292046980858594,0.277301909629449,-0.0418501500013649,4,6
0.221076943531195,0.357134612963121,0.047058133378704,4,6
0.303320226697895,0.356324443403241,0.0996217729303983,4,6
0.338886101045245,0.288112387153098,-0.0554435371714573,4,6
0.361541019332818,0.265037412585438,-0.06710213195331,4,6
0.308690169455518,0.397642784110781,0.0469318437239696,4,6
0.307534807041056,0.327793238677726,0.00893558558883068,4,6
0.308851964035646,0.264253055525807,-0.0339106442330541,4,6
0.201817155385073,0.306129624379414,-0.0675707092121062,4,6
0.319803131950011,0.254007748797846,-0.0351124518699048,4,6
0.208628857506701,0.193831602239988,0.0109563960515457,4,6
0.281546405721771,0.278808859462579,-0.105455049217044,4,6
0.295615506765513,0.333450055283231,-0.0717748757623876,4,6
0.346616127553139,0.379968786512766,-0.0756218293937641,4,6
0.228703114585651,0.332984460921789,-0.0777707169655208,4,6
0.281686618489225,0.330667330218384,0.03788220102913,4,6
0.280831530504325,0.336436566259929,0.00333824282503623,4,6
0.338655379489262,0.258755685024288,0.0404265432927598,4,6
0.311343203234313,0.302108725156981,0.0963259004674073,4,6
0.188905402998966,0.319953634304341,-0.0635266431372231,4,6
0.227519448952507,0.284905468781288,0.0446202591523985,4,6
0.336454389200173,0.222876263820397,-0.0235320794273001,4,6
0.251450524622202,0.287667026693961,-0.00536011441128303,4,6
0.223890551359956,0.352703186654196,0.0440984393149161,4,6
0.276926034207503,0.347914027499944,-0.000694784745444424,4,6
0.330519299721979,0.277157786106555,-0.10497947875814,4,6
0.303152732167557,0.400639411048034,0.0195399050480501,4,6
0.227200489628293,0.287815770110667,0.00338533688261452,4,6
0.27177421818365,0.255884828657625,0.00653617488719103,4,6
0.268954877381021,0.287094259958112,-0.0519854230942146,4,6
0.241057934076579,0.388750865557535,0.0462307814551081,4,6
0.232345797207677,0.423776850752653,-0.0288783825190022,4,6
0.340891605237051,0.236198903725576,0.00299958390728525,4,6
0.316702801475309,0.325115004997074,0.010550292155852,4,6
0.362986139201953,0.303597152783952,0.0022953456511892,4,6
0.267527901640359,0.321553851618186,-0.105359601997781,4,6
0.313109319992543,0.204230846050653,-0.068058164063412,4,6
0.288989801771248,0.245913594808376,-0.0452357153268628,4,6
0.236047584164222,0.242418075760491,-0.0525265066522545,4,6
0.303945238175322,0.260700558535034,-0.0149888536551363,4,6
0.370441201068638,0.302495928735959,0.0391451097601651,4,6
0.290211748031291,0.363916748540231,0.023790637347211,4,6
0.246834499028627,0.32694577681329,0.0011314254947546,4,6
0.261537709800799,0.310617553767648,-0.0783441861175346,4,6
0.233906203927219,0.32406499608144,0.00149736352273572,4,6
0.300197080605367,0.381712854901962,-0.020865018811216,4,6
0.314183514404739,0.244048216807152,0.0484780687026604,4,6
0.298667804913989,0.341329002860549,0.0239207698964201,4,6
0.191997756343381,0.356012534187793,-0.0184531816302555,4,6
0.280321514834299,0.35266376783381,-0.048069124074004,4,6
0.31059543502207,0.289975826282004,0.0375850056195884,4,6
0.246167685426914,0.246320533174546,0.0669109421033911,4,6
0.340977315710582,0.239763634969891,-0.0495757214992482,4,6
0.234259514347875,0.306934284401348,-0.0016653648197246,4,6
0.379139952915183,0.24513272860275,0.0418344383062995,4,6
0.378057532498523,0.227779722726907,0.0102284798801937,4,6
0.259084060666102,0.264056562421392,0.0503850385990167,4,6
0.298848546426593,0.271894437221405,0.0768756001061808,4,6
0.307310674078107,0.284416634661928,-0.0775426286476056,4,6
0.299509660547708,0.234199637402933,0.0231281247808329,4,6
0.359058025322606,0.290772760287063,-0.00512243700233338,4,6
0.204410043076738,0.32676869674858,-0.100336731272293,4,6
0.216649037086937,0.312044921484905,-0.0228134215821166,4,6
0.364945224937258,0.319682851168083,-0.00108752157389979,4,6
0.317833009124965,0.36722916864346,0.0551012229929205,4,6
0.230385358535318,0.360762895795362,0.0980481299158131,4,6
0.288737747419149,0.380672036267247,0.0369562422129078,4,6
0.283405489941988,0.288886360560397,-0.139987554227137,4,6
0.287106758639742,0.298084999727593,0.00594592609922127,4,6
0.242605376517518,0.350022464257914,-0.0187210687185644,4,6
0.25687958589037,0.346033975988907,-0.00105108135627621,4,6
0.418543416508772,0.295860849734417,-0.0440073144897878,4,6
0.319645050166449,0.281973432979821,0.0338401950039848,4,6
0.362726706934976,0.271984996603079,0.0124515431066935,4,6
0.221400674370556,0.348830850928069,0.0621294491274416,4,6
0.273972831914702,0.283050622941511,0.0170420786026002,4,6
0.259155568857513,0.379717450628376,-0.0217993522215037,4,6
0.246086655890984,0.255896786546363,0.0208274525197946,4,6
0.189481918885128,0.410074255993401,-0.0109615376084292,4,6
0.266090227329296,0.311932694786437,-0.0374552327624071,4,6
0.266504622434013,0.254046555355485,0.0112137384526275,4,6
0.264466024416901,0.372071811894735,0.00105095927201796,4,6
0.212694755877742,0.390243075564794,0.0386058535830133,4,6
0.292544406473664,0.3181422242442,0.0525036221657482,4,6
0.255340786310457,0.300820498811043,-0.0231462249789652,4,6
0.21316188624201,0.346193236755681,-0.0403784504834246,4,6
0.382632096598896,0.346531628950154,0.0396003714376014,4,6
0.260871971354889,0.239648139930548,-0.123553847608691,4,6
0.268893391744545,0.334037467182978,-0.0341743410767185,4,6
0.380657802259238,0.279100687395823,0.0672474000568702,4,6
0.238811667528548,0.307091686504093,0.0144622736512143,4,6
0.295140279786496,0.278001388787101,0.0187515271540538,4,6
0.342174048317773,0.258240380160799,-0.0904716478424151,4,6
0.287685340225731,0.277214085708454,0.0744155891671521,4,6
0.27413877747752,0.216901772349362,0.0926550264024819,4,6
0.226226944537777,0.337572648881252,0.0212425907517238,4,6
0.234211880634389,0.260864738603563,-0.0558393496839009,4,6
0.284420371113003,0.322472399686527,-0.0425946172265053,4,6
0.312717340521718,0.29845737969335,0.0138142961601251,4,6
0.341168975392805,0.415539673121937,-0.00209349280099865,4,6
0.359303427636709,0.249305954075156,-0.018823401826402,4,6
0.188658031130301,0.335785898971147,-0.00118714904972641,4,6
0.312808277958268,0.271382315593222,0.0463272719728025,4,6
0.233497419704037,0.257831873769304,0.0153205614411303,4,6
0.24789724005714,0.297193256888838,-0.0262005332383368,4,6
0.282531062843262,0.342378264621192,0.0675926942062847,4,6
0.271607819806817,0.26541053440862,-0.110462367326371,4,6
0.263670953875236,0.294416075361876,-0.0427279166881334,4,6
0.262880438299756,0.310925045949161,0.00711122269287849,4,6
0.263786010800584,0.262328739413239,0.0776156997296528,4,6
0.379506575826724,0.329702935038865,0.0304469658209952,4,6
0.260255643389756,0.248741458310483,0.0578370201770889,4,6
0.275122528379553,0.306294572186981,-0.104098671439406,4,6
0.2389633545748,0.222282673235589,-0.0133742197705564,4,6
0.292731793902303,0.303416120856892,-0.0654419077495445,4,6
0.276965451439294,0.343114089504325,-0.0725170880306447,4,6
0.187797195805236,0.246601960953641,-0.0973514360362585,4,6
0.274524652667237,0.380089326403212,-0.0473270734360668,4,6
0.226038993505669,0.327388064364402,-0.0285361003189361,4,6
0.264704949404579,0.305781744162186,0.00575804243789262,4,6
0.30304393469284,0.399715357615413,0.0940757620905428,4,6
0.244905240776861,0.250246524040249,0.0471559779775392,4,6
0.267957437352897,0.276335672678393,-0.0576570007637982,4,6
0.255321058858135,0.276973039557944,-0.121726705651584,4,6
0.319849746441715,0.258836348802142,-0.0151972297005105,4,6
0.286271682603806,0.368881592388993,0.0380776108566725,4,6
0.301053459835508,0.34425690389355,-0.0290085404301574,4,6
0.323912340352451,0.38049982717482,-0.00407275751469815,4,6
0.264097938363205,0.286231590982847,-0.0623737720474749,4,6
0.245522120031209,0.341573363093385,-0.0814700438281957,4,6
0.21840623127738,0.256967276562193,0.0415910717785579,4,6
0.313122375756065,0.223089666589798,-0.0653104981402443,4,6
0.230653492534208,0.322143931087833,-0.0152454618118712,4,6
0.332649887120519,0.234250102987745,0.0873522649920983,4,6
0.282967805514667,0.337243137082569,-0.0254403500046566,4,6
0.209983428636855,0.321925804577085,0.029569536735801,4,6
0.328710381517864,0.35723125670482,-0.000807916833491378,4,6
0.393217346043902,0.252725736812626,-0.0457393713397133,4,6
0.315706639679137,0.247945294975105,-0.0200042404588055,4,6
0.315191926061407,0.227015809977512,0.0618889899002456,4,6
0.273771509530681,0.19761961130746,0.00222047632047497,4,6
0.319666411108874,0.356607741380838,0.0126530135699849,4,6
0.244345038771178,0.361982567939643,-0.0937714427807688,4,6
0.261196723065999,0.371645698493291,-0.0124759564879758,4,6
0.276361520660601,0.34945076042453,-0.0174215913382332,4,6
0.412352212549815,0.266915859159968,0.0605785775562488,4,6
0.301428057699963,0.389684696357624,-0.0932078736138529,4,6
0.266514602222859,0.287096944096101,-0.0449012546426821,4,6
0.246966345383625,0.26919417826447,-0.00181604861043879,4,6
0.2729856083146,0.254693258073069,-0.0240845168564807,4,6
0.305167768108335,0.212141942452536,0.00515728963455169,4,6
0.291353317074008,0.282902974764137,-0.00214835098919578,4,6
0.296441599768865,0.240449475471388,-0.00940523404556735,4,6
0.230858335548995,0.261329720242158,-0.0645520549255361,4,6
0.354641602105813,0.265542820260527,0.018677176058711,4,6
0.246359648177804,0.235168375446703,0.0333600898005355,4,6
0.347970513730176,0.331672147207964,0.0612160262419348,4,6
0.330624768504797,0.330387613537229,0.0317245899593782,4,6
1.07839751682551,-0.765480841895521,0.920637588822998,0,7
-0.668763303936302,-1.1945303561794,0.41720871125741,7,8
1.09943325590162,0.691944350025207,-0.733390136643541,0,11
-0.712581152667759,1.35758733658356,0.0681115628339187,5,9
-1.33185174089692,0.777881059187405,1.55324766361262,8,10
1.24138064967479,1.04823379268881,-0.691134630839446,9,11
-0.71542166477783,-1.61148176929592,0.510865587192117,0,8
1.21716825134712,-0.915612842670112,0.717179426283856,11,7
1.54225925730941,-0.686145757656258,1.09277366422529,11,7
-1.60052684257356,0.836593641427723,1.24248954217659,0,10
1.02780626374089,-1.20957441567285,-0.390498388707226,0,12
0.682413095282988,-1.42999685166484,-0.120383363999925,10,12
1.17121267229102,1.04765719155365,-0.862060871014144,9,11
-1.26410632133906,-0.67830627286506,-1.2486333249747,6,13
1.5953321312802,-0.573434193279017,0.871983004061431,0,7
1.25410494050975,0.978789374200157,-0.832542509724958,9,11
1.2401748165717,-0.828925773277915,1.15297625982764,0,7
-1.31298075972772,-0.582162957811133,-1.15580807549026,6,13
-1.41461753118883,0.947234232115557,1.44406560248295,8,10
-0.739403838050736,1.4022594114104,0.312887825356315,5,9
-1.21245424450629,0.767302472222286,1.53950262676498,8,10
1.19452047284924,-0.962933131856145,0.76278597909981,11,7
1.30690806999962,0.903412406258734,-0.678297088345563,9,11
-1.4082786085041,0.787284623982532,1.31738041939903,8,10
-0.622906783803016,1.39585750101759,0.378560849485806,5,9
-1.23907192496935,0.731068468350958,1.58983402217308,0,10
0.921813205698863,-1.53881221600175,-0.377077817581972,10,12
-1.26060217758721,0.742928346975272,1.40062576232331,8,10
-1.51790821357056,0.892262157445857,1.47818290245174,8,10
1.52706794774438,-0.665307141306292,0.647383970718987,11,7
-0.98012709208067,1.4307483900286,0.127939066533415,0,9
-1.33098141466855,1.11266735337245,1.29636986512789,0,10
-1.05665178058446,-0.902412255879274,-1.10162432749084,0,13
-0.582549157231084,-1.45165501841042,0.341333958541174,7,8
1.27382659534816,-0.514483210593723,1.03031366696562,0,7
1.42115866723724,0.814363573807179,-0.758997736591598,9,11
1.39999288758807,0.89212407179321,-0.919073041388937,9,11
1.2317233447321,0.772608053310682,-0.621959371545908,9,11
-1.44511184897572,1.03501747298123,1.32606022747584,8,10
-0.628513235983602,1.35686395449686,0.0785364470809606,5,9
1.39495619756393,0.568258975406674,-0.868872234821951,0,11
-0.789758029483766,1.26083142764113,0.0876959835434761,5,9
1.43258852993594,-0.559956560270321,0.826300961942526,11,7
-1.37963834123872,0.61494970798335,1.18017715053621,8,10
-0.442576026501759,-1.30663698922353,0.483155989972187,0,8
1.32095564968204,0.643320011417832,-0.607147263254744,9,11
1.20921434737861,-0.640235430664593,0.746084445591126,11,7
0.974079830596249,-1.34981401638111,-0.603311382823723,10,12
1.29941333914936,0.934627522105661,-0.549319201634923,9,11
-0.604213441683915,1.56905339666621,0.0578753795736334,5,9
1.31537616486499,-0.736064770709475,1.07803631739273,11,7
-1.32475346447361,-0.626462509647937,-1.26034792815051,6,13
1.47552516613271,-0.95396792471259,0.899436149019758,11,7
-0.748975180758483,-1.54880608767911,0.549141357520746,7,8
-0.685616989581152,-1.58378361036796,0.228182216108607,0,8
-1.51661385362316,-0.892933444042089,-1.26354685670565,6,13
0.827732362370845,-1.07903086604038,-0.2081555586442,0,12
1.48247697112577,-0.679192814740907,0.871053497224537,11,7
1.55665411751355,0.747607102020842,-0.985414670018948,9,11
-1.04872714557471,0.835962314922252,1.31284380504912,0,10
-0.896519684839196,1.61847553054408,0.0310448189044672,5,9
-0.792664383688898,-1.47523839604028,0.571518706299116,7,8
0.807341011510476,-1.15708651062515,-0.175231611619696,10,12
-1.03357388096255,-0.757138556075531,-1.28025884323346,0,13
-1.257589998708,-0.503993212403018,-1.17360758295214,0,13
1.60394695350542,-0.88621435549319,0.799246956095005,0,7
-1.44561861437202,-0.64032925705426,-1.01684663938193,6,13
-1.37980337243532,0.936891405348324,1.02485056952162,0,10
1.4355351864107,-1.01454345307436,1.02565614035894,0,7
1.43351185395882,-0.572077632682143,1.01503173160389,11,7
1.55393453877942,-0.86533684886923,1.0563643560805,11,7
0.791379027085907,-1.04791672915298,-0.294705869655526,0,12
1.37230285946049,-0.747724542507108,0.602744053912453,0,7
-0.757689314293838,-1.12880953819188,0.310852916302197,7,8
0.829949976381128,-1.45007233260167,-0.304037362635558,10,12
1.4010969652091,0.712508472821917,-0.761178601214537,9,11
-0.79464052768244,1.53967452158041,0.27323647172401,5,9
-1.16878797339904,0.940157255062998,1.41356423121723,8,10
-0.575479977184164,1.32953226017878,0.0534127337992464,5,9
-0.799387984064694,1.49097593677011,0.153867955236171,5,9
-0.565588048151579,1.54459004151033,0.129669774406176,5,9
-0.797905549302907,1.48021878975071,0.0848766792705616,5,9
-0.765095516522281,1.39966712005755,-0.17647036428325,5,9
-0.79157459256647,1.33149041997474,0.327706714270991,5,9
-0.773813101874207,1.34619669121577,0.34626036939312,5,9
-0.54706826914382,1.37545573904565,0.187733583976989,5,9
-0.54200596400395,1.29422309958901,0.161826265119894,5,9
-0.681958071519802,1.49702568084367,0.226313757448849,5,9
-0.747752370644765,1.47809524857941,0.136515238370624,5,9
-0.928376986058781,1.26286216323318,0.11392823596819,5,9
-0.830826178204739,1.43721646138186,0.191195056318084,5,9
-0.524821177313574,1.29962232370438,0.117995397300527,5,9
-0.569519094401376,1.25132125013484,-0.028561718575717,5,9
-0.795498203425927,1.50844521522696,0.0101709513604733,5,9
-0.727296237148147,1.45019733012022,0.145900264246837,5,9
-0.893762707818855,1.41895756232943,0.0735548321684112,5,9
-0.696221900357605,1.59350207071486,0.152218523882653,5,9
-0.806326015105899,1.36766339820038,0.119088381707329,5,9
-0.781209074676124,1.48119621858696,0.192069449875144,5,9
-0.830431973054284,1.26220321079564,0.343838186853701,5,9
-0.675458968064794,1.50552365650426,-0.0392555170978511,5,9
-0.61922779552615,1.5986664310375,0.0374796327354037,5,9
-0.664763266792373,1.40264529689032,0.0806827736998948,5,9
-0.738662426112124,1.30780499581737,-0.0619550663845648,5,9
-0.818928428164755,1.36185035348666,0.280217457991344,5,9
-0.90743250936547,1.40788695954269,0.359137066860919,5,9
-0.860391661651233,1.17347818041127,0.0789576653181468,5,9
-0.699796378041419,1.41504239785633,0.286970042499155,5,9
-0.838663564288325,1.54334441140549,0.0485124454596019,5,9
-0.773984584329942,1.32255201281295,0.446234419341998,5,9
-0.554128572349018,1.50753470744205,0.0739547265958409,5,9
-0.598354541837989,1.46047236543813,0.203447256778004,5,9
-0.74310456551175,1.41701284475887,0.03749255024524,5,9
-0.757368050159938,1.56182603335144,-0.0450434838934212,5,9
-0.678091572550092,1.21863113032565,0.0477955127669946,5,9
-0.877651289401422,1.52231160082559,0.156437157607034,5,9
-0.914102779960756,1.35175156260061,0.215361065158479,5,9
-0.937024781435479,1.48067269162097,0.0184307729793402,5,9
-0.81932858747745,1.29076001130624,0.138188451426272,5,9
-0.728352615564719,1.49921978660795,0.239133688600257,5,9
-0.727098973972189,1.29187006843156,0.162390242309254,5,9
-0.861245163028809,1.29995885847328,0.207706641732726,5,9
-0.763659457201894,1.28865097437338,0.223305312688161,5,9
-0.758726057287629,1.21600050534877,0.0300565187549233,5,9
-0.730028643914422,1.36946327991282,0.165531278713373,5,9
-0.723291281010191,1.53365682113811,0.30666546730618,5,9
-0.754815923868862,1.44637993673654,0.299723101111562,5,9
-0.776826361641508,1.41813143971864,-0.0153329482121156,5,9
-0.742967404510419,1.49336339079313,0.30726084337534,5,9
-0.655669961258039,1.3338636885377,0.159587629657179,5,9
-0.794296281473608,1.48373683556289,0.307827398962535,5,9
-0.682965836857756,1.41354255898538,0.00996729909922358,5,9
-0.629965944915975,1.20532534517646,0.20016847973023,5,9
-0.818158986841058,1.3040935020834,0.163965141662436,5,9
-0.734745520496852,1.40128796546811,0.129128406036672,5,9
-0.804623322227226,1.27789846075742,0.169562684494653,5,9
-0.70365588699535,1.57342503644638,0.343033931575643,5,9
-0.869642550998176,1.49296031359877,0.19103428595437,5,9
-0.604309798820129,1.2901472780629,-0.00683128437693908,5,9
-0.685442096662987,1.32531117169032,0.305128638771746,5,9
-0.916474763382643,1.49043913643605,0.0705978697904701,5,9
-0.690726774610591,1.21877921476017,0.201986799855831,5,9
-0.876065887755529,1.42985015882699,0.279927052719133,5,9
-0.906332927034198,1.29959929162828,0.199020438560049,5,9
-0.69286830802743,1.44516614859259,0.0238918590142605,5,9
-0.700856325357129,1.28519811807582,0.24883554451133,5,9
-0.924413826987897,1.41339589999674,0.0432070928921951,5,9
-0.854238095502632,1.51938676203818,0.209433148481153,5,9
-0.95654313297632,1.63040156968472,0.15184841664525,5,9
-0.750772579127674,1.20369972931169,0.146687660598349,5,9
-0.640156027624021,1.52582779881946,0.370384987379826,5,9
-0.787784023333117,1.3966767119498,0.197057670364103,5,9
-0.660404720515582,1.4064186053031,0.205056517299545,5,9
-0.593932487820704,1.25381922858134,0.0341260647090666,5,9
-0.644810566989232,1.50661448934952,-0.00711124606599226,5,9
-0.854175144941993,1.52630255965154,0.21420187177488,5,9
-0.660217081154529,1.33040358943754,0.059340469250683,5,9
-0.844328673392211,1.50782770204463,-0.0434985171679851,5,9
-0.701217315075538,1.28961551680948,0.130032122635816,5,9
-0.781151304167559,1.34117649762594,0.102420552543694,5,9
-0.759205969455319,1.18967727437043,-0.0581987925402479,5,9
-0.903340535440523,1.47238189198842,-0.00939883391043555,5,9
-0.913965295267298,1.34130612795661,0.10800294575428,5,9
-0.729895214545411,1.40310968046901,0.196061410597416,5,9
-0.601179400739429,1.47031218965766,0.0474220774277506,5,9
-0.543689071885996,1.45328897455296,0.118057529930838,5,9
-0.703641733327755,1.41114393251078,0.111979037904195,5,9
-0.776148931087392,1.55408138186913,0.176388302129722,5,9
-0.758405952776438,1.48057747828975,0.0140377289937893,5,9
-0.706327194255524,1.53076570553495,0.166722232798219,5,9
-0.877857077730365,1.2403659281931,0.0851138925408992,5,9
-0.864302097669126,1.36576286745269,0.272405931858151,5,9
-0.679366885832551,1.53302442032492,0.125283922271123,5,9
-0.662878610577475,1.36773327369772,0.124350361383813,5,9
-0.63602753892057,1.5212567689565,-0.0667680135033326,5,9
-0.777187594265426,1.38570533509805,0.203338643962463,5,9
-0.674549398120839,1.237650792273,0.234338919261766,5,9
-0.723748936164712,1.46772421461334,0.205541723075312,5,9
-0.632876462140337,1.38307992807165,0.357668097484314,5,9
-0.941045726719824,1.49646241829784,0.1800013639323,5,9
-0.798237113450307,1.43823776236955,0.241426082878047,5,9
-0.796353091577713,1.46236300452672,0.284518580990373,5,9
-0.55037554033322,1.36160277863047,0.145757600314032,5,9
-0.636537161912606,1.51275329608486,0.044719762985721,5,9
-0.586079705581086,1.36288124749247,0.261839647067384,5,9
-0.720228300273108,1.478968905072,-0.107209686525112,5,9
-0.674645798314916,1.510538214838,0.115278182562187,5,9
-0.852468293017644,1.3957249906557,0.10091225469417,5,9
-0.617252775804635,1.35629106341437,0.35529439335075,5,9
-0.626652200780498,1.6070125256948,0.152946132982786,5,9
-0.760927872440408,1.53835074023978,-0.0934870014022505,5,9
-0.743481228038251,1.36700597603839,0.195971706372411,5,9
-0.685561985686794,1.30663357406873,0.243709150869055,5,9
-0.677376967267244,1.38482898666204,0.313520684180653,5,9
-0.606107759118336,1.43829000186407,0.0556448781975459,5,9
-0.709140099355782,1.51180046153628,0.251223573711073,5,9
-0.764915779559828,1.36706951671933,0.267187443011713,5,9
-0.592928121297404,1.57641432545268,0.0847200529679564,5,9
-0.826349203777721,1.24578657211042,0.230090286117928,5,9
-0.76501948771789,1.52920922864349,0.0315696820782446,5,9
-0.750708985055194,1.6396921911577,0.192552796090517,5,9
-0.697428819034174,1.53240040271466,0.0679211774456632,5,9
-0.703794920281715,1.27656936938887,0.166162125885445,5,9
-0.844395999307972,1.42101837849931,0.0234443448246431,5,9
-0.90481297012683,1.49930934101055,0.195126124628223,5,9
-0.642202778168866,1.43282954402743,0.199819247468664,5,9
-0.745047189742077,1.42243560198096,-0.171729193425024,5,9
-0.657793757818394,1.31551733541694,0.210523000268625,5,9
-0.661928323859888,1.4187382217484,0.00432936814232491,5,9
-0.677233024532465,1.54992464305027,0.244406821050742,5,9
-0.803383835345684,1.15094358334202,0.177007956812299,5,9
-0.781520425200002,1.59378142735347,0.110903809136276,5,9
-0.66150935933464,1.5282370539185,-0.0786030741211533,5,9
-0.714292076677931,1.33535843982766,0.208170660002047,5,9
-0.785742065999096,1.14826047775673,0.0620421525389929,5,9
-0.656712987619054,1.36291593191236,0.0359992010319071,5,9
-0.503827659579723,1.39115711572302,0.154015347617893,5,9
-0.737741626259341,1.47876060210411,0.377159422996682,5,9
-0.94316793351261,1.44088542671898,0.120689696653567,5,9
-0.765561210403715,1.36062937034683,0.23736037936756,5,9
-0.820942245685649,1.42043953362882,0.0167961309415949,5,9
-0.713764107003048,1.45314999082281,0.0814774669966286,5,9
-0.758313790542401,1.52839368941302,-0.0425268998460714,5,9
-0.739852929871156,1.3654103204194,0.0918102519701719,5,9
-0.681741059729013,1.51964988519952,0.02348783400596,5,9
-0.821479096129967,1.26356733078209,0.0201301600699286,5,9
-0.748261174967812,1.57381463093237,0.0669883053349793,5,9
-0.849503675469193,1.35125391198758,0.398926601840657,5,9
-0.902749738044201,1.56271805326025,-0.0378789130088703,5,9
-0.654555643564797,1.44719834578314,0.136265550750814,5,9
-0.652027527822932,1.32375636285681,0.13803816998879,5,9
-0.898638455660744,1.34241077930881,0.241508634332696,5,9
-0.74624060220261,1.28317413140954,0.0697930575728199,5,9
-0.553954782886208,1.37101836078398,0.298445499417313,5,9
-0.720084030125265,1.37240955869118,0.197215720544841,5,9
-0.860364321936616,1.56097770821211,0.126584509854466,5,9
-0.90542816325594,1.30121546945417,0.296442701110485,5,9
-0.790177636926032,1.39463438247411,0.365054062748144,5,9
-0.759281290138577,1.49888797298579,0.232379625715632,5,9
-0.842475997218098,1.32567750397857,0.137391768073165,5,9
-0.810313139264909,1.26804247913792,0.19223705987172,5,9
-0.790647158563071,1.55371060374124,0.0398206701304136,5,9
-0.759822752059262,1.50174379614083,0.0886261788313002,5,9
-0.744918957918457,1.42727469148817,-0.0204572194442962,5,9
-0.703525162179751,1.45084524363675,-0.087599712749414,5,9
-0.62361181870731,1.61136898143852,0.111675991828618,5,9
-0.640368353072274,1.34031566005323,0.334540108453503,5,9
-0.861963695168357,1.5428572532623,0.0534477592495472,5,9
-0.816188441618328,1.48156603526839,0.17612586969876,5,9
-0.574487058107583,1.25600284148778,0.214493849477891,5,9
-0.684897256150711,1.42864033349635,0.123752376748877,5,9
-0.808639065165072,1.37857024557618,0.125265279745675,5,9
-0.801668363786934,1.37098741103071,0.101605308127926,5,9
-0.943583448876729,1.5002529692588,0.133762929383063,5,9
-0.690607917974554,1.32787725320615,-0.114621281415485,5,9
-0.676411934339412,1.48625260957723,0.0682351852792576,5,9
-0.798007006697471,1.41559125685674,0.0857820061385071,5,9
-0.622394389847303,1.4713405694963,0.113145934607465,5,9
-0.711658709263547,1.68177636988309,0.11820639245524,5,9
-0.771945897017936,1.446337721503,0.241790604701885,5,9
-0.717694607459825,1.49306404469454,0.265591285783777,5,9
-0.597751098709904,1.21560322393869,0.268751699434345,5,9
-0.896019283626566,1.55457195734896,0.0957240819801676,5,9
-0.712052692566603,1.51863131706738,0.0738240373546564,5,9
-0.895825650460388,1.45677151788632,0.112660991472026,5,9
-0.754715988053632,1.32991999966247,0.314613711793757,5,9
-0.882981983572186,1.3672746455744,0.226334935227215,5,9
-0.693344138493265,1.49303537108001,-0.0744585417221955,5,9
-0.653157923237919,1.29128006892136,0.123175440548839,5,9
-0.579668554570491,1.37911829749322,0.117274918903571,5,9
-0.756700247921539,1.23867963506739,0.0623287716715768,5,9
-0.611874366084087,1.4763973245286,0.180903699594086,5,9
-0.83439220865433,1.34316029845274,0.235815795197686,5,9
-0.85630645570882,1.42604107783911,0.136199469159317,5,9
-0.909159316338769,1.40666738930143,0.24045151466658,5,9
-0.642018500851988,1.61667865978101,0.31054191974179,5,9
-0.608221808919947,1.51107157073696,-0.0560990781096137,5,9
-0.709186710479483,1.37666062632799,0.221060950849933,5,9
-0.695165245689319,1.36179087586731,-0.0863541663760477,5,9
-0.703305054104073,1.59435238986859,0.132654973852255,5,9
-0.807993580462386,1.38786799675765,0.0946943056791952,5,9
-0.797282138655203,1.36388393115077,0.227182110799891,5,9
-0.669182857119976,1.27885841297477,0.216951276180107,5,9
-0.745817718916049,1.36152827751758,0.0664370743597161,5,9
-0.766309694700254,1.49275838350947,0.0883006505430572,5,9
-0.829636790668621,1.41798817340177,0.207848153986547,5,9
-0.840370263975639,1.32989146975302,0.0762221654965245,5,9
-0.704941964061807,1.40025059166237,0.261541164957025,5,9
-0.730822477226931,1.43980216769723,0.0051299923455265,5,9
-0.674466184252619,1.57262209747879,0.28744995654836,5,9
-0.69393755483339,1.33556388613975,0.0562900489302787,5,9
-0.669798666743146,1.6011615017991,0.364777751389163,5,9
-0.641127512587437,1.42852042003125,0.0786244680324441,5,9
-0.661630724506187,1.30270703062357,-0.108754689564162,5,9
-0.807457308164503,1.44497141723998,0.305469479518632,5,9
-0.551623739238209,1.56482890062025,0.310901192124776,5,9
-0.696867040375697,1.54094768009235,0.140560683693309,5,9
-0.659230387440725,1.45252004989517,0.268867890518342,5,9
-0.783448299302688,1.19597544505746,0.254253613613529,5,9
-0.717299370833444,1.46383173430494,0.0368992537553857,5,9
-0.697397623535035,1.45195457208899,0.147873308407656,5,9
-0.696430539795244,1.37724081707366,-0.00122537919397814,5,9
-0.728925154078179,1.4198220213958,0.0228210987069018,5,9
-0.872501502714049,1.31160138565723,0.117480550971662,5,9
-0.770028743129174,1.53301189786346,0.29255756603452,5,9
-0.685581252199878,1.52017190748888,-0.159217840150288,5,9
-0.801642675801903,1.67250333554158,0.235071344558392,5,9
-0.691433263647954,1.35292757763007,0.0791371939811319,5,9
-0.616014989832849,1.44570078750302,0.167530695126677,5,9
-0.696113896443181,1.25551747583809,0.162726496304946,5,9
-0.759295374785064,1.21414916668997,0.0820598572563807,5,9
-0.702711219148247,1.29121461802765,0.104319515294429,5,9
-0.764414169952966,1.51140116382127,0.238602768966077,5,9
-0.5086567737807,1.33626588500912,0.213644342338236,5,9
-0.637514297119376,1.40371906751361,-0.0119672452629134,5,9
-0.842924827985032,1.3902850316073,0.138253300072134,5,9
-0.764330947461481,1.27716419175289,0.248071862029794,5,9
-0.722642351595158,1.42326680919633,-0.0300350791110903,5,9
-0.734975033236615,1.46468920596689,0.437484399330405,5,9
-0.719728318795991,1.69871953927536,0.170848202404258,5,9
-0.665266908032137,1.42982116237081,-0.00450887659251689,5,9
-0.679913454954964,1.52910135510405,0.154812975115394,5,9
-0.648965915692608,1.24526560442101,0.35212679536628,5,9
-0.655110020298532,1.41939803172254,0.345812788379607,5,9
-0.841801421350437,1.21847390968729,0.0169497744118432,5,9
-0.583076128101454,1.37099481397913,0.230762564746537,5,9
-0.821672950428048,1.57832841633923,0.343648688637185,5,9
-0.847394331337802,1.46473441288494,0.0187348061532511,5,9
-0.831242009123783,1.39578402816795,0.169738645423855,5,9
-0.643166198679918,1.32115363608251,0.260241861515748,5,9
-0.643444571855624,1.64552193535012,0.0629909536254621,5,9
-0.775412401745933,1.32141395408737,0.257773038670563,5,9
-0.687029993335735,1.42900572599307,0.0521750772195491,5,9
-0.867095588889985,1.19142069975137,0.277329234727638,5,9
-0.554651394028601,1.36868298433455,0.0571096949580539,5,9
-0.893419622939651,1.41219186269535,-0.0682143731525573,5,9
-0.808868966216506,1.22911675172985,-0.0127643700001501,5,9
-0.634592836593113,1.50717053570593,0.00962940915007021,5,9
-0.768824199284557,1.36228324394422,0.232062967822299,5,9
-0.720246727053846,1.46604358003069,0.168285483716556,5,9
-0.655050548398733,1.45428208285419,0.129946495475439,5,9
-0.777738817909153,1.36929197754556,-0.108241659004277,5,9
-0.803332028274154,1.36458868027192,0.0207226153493187,5,9
-0.836627288676867,1.49668448729778,0.118391780004253,5,9
-0.705797378840228,1.44474651366039,0.0199940625151117,5,9
-0.710822207879805,1.33231651306872,0.283816934778584,5,9
-0.650998184511346,1.54717951387441,0.0405800694673309,5,9
-0.735620077675295,1.46532704548273,-0.0344586679162724,5,9
-0.785501476368013,1.33432889244983,0.273043682829393,5,9
-0.873432758712557,1.36487001633928,-0.0685694146138301,5,9
-0.811898116402688,1.25749233116774,0.172163269681681,5,9
-0.779394924393142,1.49263229525719,-0.0532540521985875,5,9
-0.724418367868785,1.46889481791084,0.015410856069997,5,9
-0.757647617668896,1.39064749402112,0.237283906035896,5,9
-0.8921872371811,1.35454957091763,0.218012628361464,5,9
-0.796004465160258,1.4879746426555,0.249910216331401,5,9
-0.707759348632572,1.48216881751048,0.0553389213051671,5,9
-0.768226302641016,1.46945158770114,0.262974967372544,5,9
-0.754608646438764,1.56482990256769,0.225655642058399,5,9
-0.95149761094532,1.575628709929,0.0938337131052321,5,9
-0.795642145178424,1.43105405347845,0.117774201200273,5,9
-0.689385471790408,1.32256173546329,0.159890435578403,5,9
-0.806483657123978,1.60682110493363,0.229872071837773,5,9
-0.568345596863105,1.29063653478297,0.112275953755287,5,9
-0.835819439666223,1.26107381814806,0.0934945457923313,5,9
-0.801265007001398,1.41864141803871,0.276105523468228,5,9
-0.650815843088636,1.45017766782352,0.164189268593598,5,9
-0.795417214213043,1.41538290162473,0.0252185102520336,5,9
-0.666121751033901,1.26240586673059,-0.0998150791737883,5,9
-0.935706589858288,1.42508899851709,0.0562396057804552,5,9
-0.868200008699164,1.51348147883967,0.019740682609214,5,9
-0.807112912447858,1.37584145151172,0.238514110471853,5,9
-0.738624247363558,1.3955375703925,0.255390454194013,5,9
-0.579747390962758,1.48031308244075,0.0689376606905989,5,9
-0.636831014222254,1.41666300180116,0.0722112189082063,5,9
-0.685101327901646,1.40597094510195,0.295866240296536,5,9
-0.824225353298935,1.45227777395239,0.109241187918611,5,9
-0.787466609665192,1.4680327184384,0.177280756104784,5,9
-0.687469616023915,1.3954305847428,0.0506194893518696,5,9
-0.650706301346433,1.4575195861425,0.0253931613807114,5,9
-0.77815533190328,1.30224509553017,0.0718264798036109,5,9
-0.692377366204692,1.39897575758552,0.237663921284208,5,9
-0.591074139088234,1.58839342196275,0.163636152839052,5,9
-0.882183788739355,1.51578828908485,0.210360491584136,5,9
-0.603899943384217,1.51506741009131,0.175485026088288,5,9
-0.69859001176385,1.59045803529649,-0.0455662475883477,5,9
-0.639091019617728,1.51124188479501,0.170412722566389,5,9
-0.684934028604341,1.31571701613854,0.114472274701378,5,9
-0.827888710383337,1.60994527481429,0.124139912946,5,9
-0.750540402918347,1.46048538199588,-0.0143955735925614,5,9
-0.882623311986858,1.65422942228424,0.114832294313428,5,9
-0.675431825018249,1.28693226313501,0.120704124937575,5,9
-0.786539444480988,1.47407285694275,0.27231482540898,5,9
-0.944719393389159,1.58046984188898,0.0736481619039043,5,9
-0.951411003023664,1.30632744920506,0.180899114042803,5,9
-0.837115311684007,1.23105181907609,-0.0215714954259677,5,9
-0.659611342666649,1.22204846475669,-0.0359295755676676,5,9
-0.614894850108033,1.42854139881748,0.306381937565679,5,9
-0.692286031601408,1.32379127075376,0.0420867422189189,5,9
-0.774920273688654,1.43699206580349,0.179113969905085,5,9
-0.665170990559465,1.42985543445787,0.176159213985891,5,9
-0.616421622050173,1.60329138482889,0.274736116584835,5,9
-0.769563593461506,1.46498472990325,0.117734685665708,5,9
-0.813689748675598,1.30789041720221,0.0359861011818456,5,9
-0.679828480674542,1.42118115485275,0.0142989288441974,5,9
-0.832961495082927,1.47678153954687,0.0302194949636648,5,9
-0.644847245579466,1.28005432153737,-0.108665501346961,5,9
-0.802801016106729,1.30030363534832,-0.0112233989843002,5,9
-0.636239155067072,1.30596060586401,0.0466353990657235,5,9
-0.71401490483242,1.50282153078059,0.223519967259728,5,9
-0.754764364134444,1.40725348590206,0.148723475666674,5,9
-0.850785622207214,1.49524502790076,0.114766168861074,5,9
-0.787319682465627,1.70682337165821,0.230773380716047,5,9
-0.653658848135236,1.49833676609069,0.296831534931139,5,9
-0.824801756551088,1.41448948399252,0.00352979325793215,5,9
-0.620723091422066,1.37755273106122,0.00106924277192602,5,9
-0.721461969615737,1.66171016086261,0.237402915795281,5,9
-0.75479781192092,1.26378988780108,-0.0528023253429793,5,9
-0.61727726236038,1.52650516010759,0.0494416104054873,5,9
-0.7882057992696,1.56708762929703,0.240783530749883,5,9
-0.730238976249884,1.38033678397218,0.137871295683587,5,9
-0.655070438168473,1.32414565682282,0.0271271022726836,5,9
-0.714817998142515,1.35032297323217,0.177997162166286,5,9
-0.666770373440698,1.3746541728283,0.0814652543993201,5,9
-0.930395625550537,1.49562068880393,0.17020061897473,5,9
-0.828322618301551,1.5784862587506,0.287918960948098,5,9
-0.806141589715198,1.39499740797209,-0.0756648247698935,5,9
-0.85409146291234,1.61340431738202,0.125418602267978,5,9
-0.775094134729852,1.39065229084997,0.175768491276799,5,9
-0.711498804807044,1.55300100626649,0.14692567609232,5,9
-0.823530629384624,1.44434192195222,0.10864589480472,5,9
-0.702895879350585,1.47203159916676,0.113497062391164,5,9
-0.672336421695435,1.30888851946542,0.211403266612696,5,9
-0.66970752265343,1.37673241793161,0.230637489017741,5,9
-0.715155549422744,1.35833219836327,0.314365804566324,5,9
-0.543495612418652,1.40429357125342,0.229035643440003,5,9
-0.655689568118019,1.41744056525659,0.330524399902753,5,9
-0.788583921118209,1.43034748966175,0.305478280266833,5,9
-0.787280519741516,1.26976248580475,0.157834604463727,5,9
-0.60155392854936,1.51259445584175,0.032964215956739,5,9
-0.840103283222167,1.44722864984965,0.210029399000866,5,9
-0.679932336176763,1.38913861451428,0.0796119491163484,5,9
-0.615878230833109,1.62850193773727,0.256849899114712,5,9
-0.456174555643964,1.34742351799022,0.109331373595754,5,9
-0.699638701707971,1.35858069751114,0.0186654915817221,5,9
-0.839727804083402,1.42427571720617,0.355243772159177,5,9
-0.903997625957725,1.49802005689067,-0.0419753536270644,5,9
-0.705961561662759,1.43713008013359,0.172948965727533,5,9
-0.703985967668522,1.54919461800138,-0.0207260367708205,5,9
-0.848162430218115,1.47197704687878,0.160269656706727,5,9
-0.632353434164203,1.41331985242742,-0.0891381158526485,5,9
-0.833647502808497,1.39861093035658,0.378436666977275,5,9
-0.676726637150827,1.3113609982546,0.113171237836676,5,9
-0.771044419959525,1.58552162812735,0.339810243356782,5,9
-0.827177676017634,1.49620227770576,0.393362931417173,5,9
-0.657733921677701,1.51022522437762,-0.0607610752292316,5,9
-0.78671697925399,1.23264305187525,0.129801225611115,5,9
-0.81077938899717,1.31252755882184,0.256124118963117,5,9
-0.789444345735174,1.40258393617094,0.21018364594625,5,9
-0.823317392922864,1.38667647780735,0.21414328901034,5,9
-0.722661918981044,1.41958884594858,0.13041097072547,5,9
-0.699072547589832,1.37002288835519,0.199710616050864,5,9
-0.695394031895313,1.48660278179507,0.0634430029600177,5,9
-0.823575161013622,1.44845211170225,0.160072204585849,5,9
-0.793580652602325,1.32132702118742,0.0594784610608062,5,9
-0.615958873551037,1.28202026654137,0.206434776652135,5,9
-0.888342434491453,1.60037913310454,0.323252785049943,5,9
-0.731409876361377,1.3810041576616,0.0388182720776192,5,9
-0.711512041677931,1.34280679903128,0.194431712641266,5,9
-0.729346509816446,1.35906597636645,0.355258583318406,5,9
-0.824168344744386,1.34339740094367,-0.0101557328344025,5,9
-0.787526581346198,1.40680053722117,0.0921597331462401,5,9
-0.798688390176825,1.36409303867208,0.289227304685095,5,9
-0.752306255795987,1.49242837584857,0.424795159019219,5,9
-0.792406184392907,1.61015067990493,0.346033289919694,5,9
-0.892098038037527,1.46109425403627,-0.0158962555787903,5,9
-0.613862687179649,1.55720974592722,-0.00742930611878346,5,9
-0.721345265006804,1.40499811594559,0.347048276786165,5,9
-0.981699833234803,1.43634850093107,0.0465233232360803,5,9
-0.623654745211199,1.32168792591422,0.0578897507247396,5,9
-0.639520616317575,1.32372362812153,0.0716528780055374,5,9
-0.681353450282256,1.51282615892182,0.268350517009345,5,9
-0.894630144810079,1.51922300895981,0.293180856764191,5,9
-0.855554632937354,1.52224090593305,-0.0157888161301056,5,9
-0.984532840213703,1.49539120339705,0.287289713257407,5,9
-0.639211899178398,1.2403255979356,0.0172614815079368,5,9
-0.765672468625253,1.42389966929875,0.267746323914001,5,9
-0.682039884248085,1.44960458004948,0.142355687944497,5,9
-0.656804937459177,1.50736531173391,-0.0283760469077111,5,9
-0.708350535606697,1.33988300531917,0.101818315502107,5,9
-0.836331137749512,1.38213945340251,0.112596425097289,5,9
-0.761411713539908,1.36930372581259,0.0710043587907747,5,9
-0.773886738148915,1.40222945377536,0.380566854274596,5,9
-0.815310853556508,1.3480827550544,0.00434054457219933,5,9
-0.623987843644668,1.31821411262943,0.127033207077405,5,9
-0.782877216969335,1.27275759396464,0.281586870285784,5,9
-0.603247203371222,1.30717525871767,0.29764253403695,5,9
-0.754036482399353,1.34674020448361,0.151676960695741,5,9
-0.741689543019599,1.55303525227457,0.093245335248286,5,9
-0.694813454847265,1.52215714948869,0.0653281477268249,5,9
-0.640095803998161,1.33988586150061,0.342659627454897,5,9
-0.685700471444239,1.44124831302035,0.1633212774306,5,9
-0.867395580470833,1.51285772783373,0.240975537538585,5,9
-0.908432968200289,1.36226117505517,0.12368504985267,5,9
-0.705176417496233,1.61391845674927,0.188700215161501,5,9
-0.652919868170057,1.66393120305587,0.149759820002621,5,9
-0.917083881367199,1.3669833869282,0.175759143479379,5,9
-0.732519013052967,1.20313497365899,0.0546136818742935,5,9
-0.686571265852556,1.45199581780882,0.345819091071181,5,9
-0.677664431071708,1.48901938315386,0.114561901064417,5,9
-0.651158672979158,1.41633971130232,0.153563442866187,5,9
-0.804429990943445,1.42527858523589,0.104824378731609,5,9
-0.780049056837513,1.41144001500835,0.155205384685175,5,9
-0.788667708074404,1.40733111110861,0.124522768152214,5,9
-0.701670151353033,1.4722327931764,-0.00170041211920051,5,9
-0.926604876983778,1.30661107161397,0.118245417532738,5,9
-0.89754367741204,1.29718242474761,0.276847534663211,5,9
-0.712490935239184,1.2620864146033,0.124570009815322,5,9
-0.768357647951703,1.35717137873001,0.306796899187266,5,9
-0.912330472364609,1.53070875543085,0.283174928994647,5,9
-0.727713858009033,1.35912232316565,0.247428918313165,5,9
-0.705080671354153,1.43235721552433,0.11526546952445,5,9
-0.843589500751833,1.451610340086,0.436225369360848,5,9
-0.706373457860211,1.51238450872015,-0.0124353128887233,5,9
-1.48047736384583,-0.856784599301041,-1.15477919997497,6,13
-1.27447398176625,-0.8937776946519,-1.44447556706747,6,13
-1.18375996796524,-0.690549126998116,-1.10445567140111,6,13
-1.37258752631351,-0.692462959946011,-1.30250834419416,6,13
-1.27108828733607,-0.9433706798701,-1.34385233039196,6,13
-1.43961265666452,-0.677919968811062,-1.14406339825622,6,13
-1.28925728676811,-0.708467253531741,-1.29131703729334,6,13
-1.3904405962761,-0.962816343461499,-1.20734785060085,6,13
-1.39742695983252,-0.668801294417935,-1.1467121759532,6,13
-1.19649745223393,-0.687151466361794,-1.17547723251886,6,13
-1.08161588413353,-0.664258938154031,-1.09591020260434,6,13
-1.32565090751013,-0.765339382329143,-1.05158293138956,6,13
-1.10108899416405,-0.763710911796804,-1.13338336526016,6,13
-1.14485020368468,-0.66426336582307,-1.11137118291862,6,13
-1.22940869469361,-0.678916062701428,-1.21203240446892,6,13
-1.29297037625542,-0.664303099976753,-1.23894534053796,6,13
-1.41690970152832,-0.7608234405176,-1.14136739499528,6,13
-1.27213807602082,-0.732884794626404,-1.08505488744207,6,13
-1.30661964103635,-0.69973240773248,-1.4177691602633,6,13
-1.27387783016311,-0.818298105496929,-1.01722995429261,6,13
-1.24973814188483,-0.613100521254649,-1.24944208300893,6,13
-1.3927678946743,-0.738478136795312,-1.01034619292698,6,13
-1.40869563100699,-0.732209676342982,-1.10086148359893,6,13
-1.35251093074281,-0.675068032748266,-1.19605504153117,6,13
-1.4284980160302,-0.814738400967877,-1.22759944718677,6,13
-1.31986763744059,-0.772359551343941,-1.23169774890608,6,13
-1.37152808937641,-0.743313630247634,-1.08393197284948,6,13
-1.21120773691945,-0.74589278670211,-1.36631301970331,6,13
-1.28625622867403,-0.534860359588934,-1.13796223885798,6,13
-1.29226755037082,-0.919940262104547,-1.24050431773698,6,13
-1.3261974604801,-0.660358713656272,-1.06662713388787,6,13
-1.07606826977647,-0.714263094523914,-1.28563472735515,6,13
-1.25711181495465,-0.929245438465657,-1.10571219029735,6,13
-1.38776208713874,-0.718749900165563,-1.28853277656433,6,13
-1.22538568727396,-0.869538426275144,-1.12084999235015,6,13
-1.26894271454499,-0.671098104703095,-1.22405477106893,6,13
-1.32109318954773,-0.6758510756801,-1.09321395697895,6,13
-1.29912927850138,-0.576042954559813,-0.981937098006545,6,13
-1.09009426131389,-0.778926725359277,-1.32639615041395,6,13
-1.58042223390052,-0.783761676070376,-1.29117151678965,6,13
-1.32632546073047,-0.75157252448593,-1.3896051771946,6,13
-1.0738713577961,-0.804346795098557,-1.18308157379049,6,13
-1.13474995996861,-0.753213255458828,-1.23154499038672,6,13
-1.25366423693549,-1.00706478569866,-1.32104990129594,6,13
-1.43570773752767,-0.839562959812934,-1.27929648433716,6,13
-1.4857233495707,-0.705301964555394,-1.02661574804305,6,13
-1.36728081236562,-0.827991166694871,-1.25571242545372,6,13
-1.42775084460588,-0.741105077153178,-1.28495162613154,6,13
-1.35647453602799,-0.758195525282211,-1.12212772388486,6,13
-1.28334016856343,-0.722815142631107,-1.16694083298887,6,13
-1.27247396570916,-0.661258675214123,-1.27196562978298,6,13
-1.3622741554934,-0.733647656923799,-1.11687073917662,6,13
-1.23057607025348,-0.554376197962509,-1.37386317442393,6,13
-1.23909471493682,-0.804756423618428,-1.15450954246217,6,13
-1.33395098789634,-0.885131350416499,-1.20468513880348,6,13
-1.23568239501707,-0.740112448160654,-1.00591852756673,6,13
-1.41002637497018,-0.87449978100843,-1.21732992974758,6,13
-1.34976624958866,-0.766773129508326,-1.26026978687133,6,13
-1.24115570521908,-0.548571132117737,-1.34540180343802,6,13
-1.47619582583672,-0.724679852297281,-1.17910119902209,6,13
-1.29568519690397,-0.829659931518617,-1.15073424399619,6,13
-1.28641081485546,-0.769530155835849,-1.13734562833748,6,13
-1.20169264446917,-0.671063658119213,-1.10087334362867,6,13
-1.03358800812774,-0.87372073773723,-1.13035543227782,6,13
-1.38914181115434,-0.769451641397138,-1.08984002643166,6,13
-1.1998880188391,-0.767417318610856,-1.29386123860279,6,13
-1.44123433954654,-0.874877261186999,-1.07644440745928,6,13
-1.21606192237442,-1.00129172178003,-1.11637840234584,6,13
-1.18896531452346,-0.829139891489186,-1.09226696422487,6,13
-1.08635425664837,-0.728002332425989,-1.06959632998193,6,13
-1.25297356355741,-0.464532361645669,-1.22418964727964,6,13
-1.09122544511124,-0.624301324218809,-1.14895341226171,6,13
-1.2371373278269,-0.925015626850869,-1.27778242281188,6,13
-1.35504850691803,-0.791922070559394,-1.10462161110282,6,13
-1.25416753739696,-0.965185423160252,-1.15248408355664,6,13
-1.36970646637858,-0.665951069362975,-0.942885809424332,6,13
-1.03706121069419,-0.78774470842056,-1.10151803052237,6,13
-1.3556166712506,-0.723529717579258,-1.026629013727,6,13
-1.18043674209973,-0.653018911537099,-1.27115566992979,6,13
-1.26099093072663,-0.642078664477824,-1.23043715323692,6,13
-1.517975509954,-0.900327722279676,-1.00754042111902,6,13
-1.08698045443606,-0.636393297049827,-1.07404796127513,6,13
-1.23946915541209,-0.828391909156295,-1.27044649349618,6,13
-1.22545558756939,-0.836205082221914,-1.07436411701722,6,13
-1.14734048007913,-0.494226890475931,-1.16890226273158,6,13
-1.25948190857622,-0.753180237589936,-1.00375215585053,6,13
-1.46994426898962,-0.946367748183139,-1.18712463489784,6,13
-1.45078047916973,-0.624224374283819,-1.27744299721463,6,13
-1.33092973213193,-0.464333579875215,-1.13257420550022,6,13
-1.31805428863114,-0.904742752883468,-1.08307569344342,6,13
-1.38831818701348,-0.673330574922498,-1.18123839324669,6,13
-1.22280224913422,-0.720576044190162,-1.37893203664816,6,13
-1.29071490841459,-0.823873733284829,-1.23930521638338,6,13
-1.40468689133705,-0.726379918916354,-1.1006041316614,6,13
-1.20055747682177,-0.727310969272192,-1.06411993957385,6,13
-1.39132749621349,-0.710312651081981,-1.00075754498479,6,13
-1.29624747523142,-0.857242289441642,-1.3010403060005,6,13
-1.43997556394232,-1.02441317333418,-1.17828408481242,6,13
-1.36962311877273,-0.788067690869094,-1.32702745694164,6,13
-1.26349501961959,-0.67298418848315,-1.06146608106769,6,13
-1.24473500137866,-0.831212718012726,-1.25106635067721,6,13
-1.32479261501858,-0.785431026019088,-1.28033389869476,6,13
-1.3323286606921,-0.973786286522972,-1.17083070204636,6,13
-1.29422502217903,-0.679788513095868,-1.28330407756495,6,13
-1.26509676079185,-0.898583184913072,-1.20600183399627,6,13
-1.09338769891313,-0.677557130197056,-1.21390799855525,6,13
-1.38419213879155,-0.745340829665373,-1.18849446569707,6,13
-1.30686470591851,-0.722898887350176,-1.07739572248929,6,13
-1.22694983437766,-0.683471500852056,-1.14954621300718,6,13
-1.21333554386477,-0.892437509193657,-1.23334186843009,6,13
-1.3304640970027,-0.743343684514359,-1.25864649763225,6,13
-1.48497419200356,-0.859859274566976,-1.34476395533271,6,13
-1.24392552323961,-0.724440250031864,-1.16424120335127,6,13
-1.32240005363862,-0.742096289091583,-1.08401778373565,6,13
-1.34468965497609,-0.780411284131552,-1.17066908809895,6,13
-1.30060539674838,-0.965653371866696,-0.990822701364412,6,13
-1.12844136942199,-0.797045445853923,-1.02936084886447,6,13
-1.24093505403051,-0.870262684250808,-1.12999251431395,6,13
-1.20107134874317,-0.612476104306401,-1.18050827351458,6,13
-1.46302153926999,-0.710984870333817,-1.07358976800607,6,13
-1.29620505314961,-0.776099854772603,-0.954908816469707,6,13
-1.35878151426588,-0.657593127156003,-1.27402785403326,6,13
-1.21750692101871,-0.866028491723146,-1.22867228222378,6,13
-1.29124153823464,-0.784961111286241,-1.33700886768543,6,13
-1.20371133728393,-0.66878489767971,-1.06490187703921,6,13
-1.24929989215533,-0.719921600866985,-1.13512620233371,6,13
-1.39080441473014,-0.596736618921612,-1.10899910548267,6,13
-1.29312736550782,-1.02401732895938,-1.22351102594596,6,13
-1.15648886508129,-0.76449909289651,-1.07052227343146,6,13
-1.33217175693434,-0.791924896938154,-1.30250258411745,6,13
-1.38819671782565,-0.915285652039862,-0.984405735529186,6,13
-1.24473804908201,-0.863959126019753,-1.22677495842409,6,13
-1.3927841114777,-0.892980593771618,-1.28215286433266,6,13
-1.27444664374149,-0.626448378382044,-1.32029780362906,6,13
-1.57852993194535,-0.772250480503156,-1.16807429045742,6,13
-1.17002068930989,-0.839955380838556,-1.29744524076436,6,13
-1.29103365214219,-0.852765682836482,-1.25275856096872,6,13
-1.36511872136944,-0.853623790590927,-1.31675093319924,6,13
-1.27265101928628,-0.791410750139779,-1.11685985972484,6,13
-1.25998994478103,-0.822382011109277,-1.10862649975106,6,13
-1.28161889388974,-0.859104182260014,-1.20885942762414,6,13
-1.17961150961554,-0.88332045435266,-1.13222285353099,6,13
-1.41820222799697,-0.771973288235419,-1.10798966750976,6,13
-1.27669402913603,-0.655331900378299,-1.09980512467298,6,13
-1.54722531608075,-0.708883643704576,-1.26066916916292,6,13
-1.35546639889412,-0.524584631269281,-0.985250239604332,6,13
-1.35454806944652,-0.787232283662316,-1.24310137521556,6,13
-1.3025437802821,-0.846008613656048,-1.26312700779468,6,13
-1.21743762740603,-0.638261844957699,-1.38991834386945,6,13
-1.31541056504557,-0.583734056883939,-1.11208760673482,6,13
-1.30677499246467,-0.755025385429381,-1.20509440550409,6,13
-1.30131999832744,-0.766599825742857,-1.1822817656031,6,13
-1.26945026341656,-0.540366999765966,-1.21084503344083,6,13
-1.24389449102156,-0.762088164279432,-1.28315086876521,6,13
-1.46040846779709,-0.688470539234231,-1.08289070636779,6,13
-1.28232313164584,-0.644234789984792,-1.05088821218462,6,13
-1.06225858113748,-0.710314858318453,-1.0398307861446,6,13
-1.29757328496098,-0.699176885949791,-1.29126459543703,6,13
-1.44770580232468,-0.832339785114455,-1.12773951985109,6,13
-1.56074784012954,-0.847772764428588,-1.02290842373657,6,13
-1.55433854223057,-0.731285020302323,-1.24268404536839,6,13
-1.2694646605753,-0.786205426457508,-1.01967113292303,6,13
-1.28326722761902,-0.911884885786078,-1.05905476544621,6,13
-1.3237329518151,-0.836150520706199,-0.912625271609563,6,13
-1.21683874265751,-0.854016524215891,-1.11592351324551,6,13
-1.0343751715842,-0.615012690578217,-1.25325154537846,6,13
-1.27941398285557,-0.710182286894615,-1.00493897635647,6,13
-1.15513526483217,-0.738164390713596,-1.26311515625144,6,13
-1.39957702625056,-0.760570380583865,-1.25387427262175,6,13
-1.51634148706633,-0.826465374420846,-1.21965619579045,6,13
-1.5040884828666,-0.591496742944705,-1.2247189013416,6,13
-1.3072681623634,-0.675023110090967,-1.19116766286384,6,13
-1.23862673346611,-0.898763603378329,-1.17905135921224,6,13
-1.59056560505513,-0.850280818668682,-1.17041324546332,6,13
-1.39177764100975,-0.824287858135712,-1.12809050479155,6,13
-1.08055688635065,-0.74669356001189,-1.25212384005176,6,13
-1.29592452240866,-0.771522954400899,-1.20930184337458,6,13
-1.28410995243507,-0.662012776670674,-1.07879384410223,6,13
-1.43040790715366,-0.652819027219328,-1.26304810042765,6,13
-1.60245711926537,-0.66515418644135,-1.19142668609194,6,13
-1.37043164949984,-0.487927490603542,-1.14055405770849,6,13
-1.25388527636873,-0.744168729268767,-1.02062378713878,6,13
-1.16195139659216,-0.659944338917351,-1.32177186044799,6,13
-1.17167820179141,-0.727858653912177,-1.17800161617644,6,13
-1.33076326525345,-0.825568952954244,-1.20843026095404,6,13
-1.37078853018928,-0.825230347667228,-1.1456652176139,6,13
-1.18166741073362,-0.692326249861408,-1.27369339967505,6,13
-1.15449372603796,-0.743221929908386,-1.28399813521806,6,13
-1.23870956005449,-0.717868646242226,-0.99604224727745,6,13
-1.41783368464079,-0.870282606311921,-1.3131367726463,6,13
-1.32658581197295,-0.723600116029865,-1.13049835624949,6,13
-1.26634011665198,-0.699999326091677,-1.10952531552325,6,13
-1.46643776138477,-0.574645444050521,-1.09647658937938,6,13
-1.33062224492251,-0.729042796963421,-1.11229899180938,6,13
-1.39076886877241,-0.70863862547299,-1.14423319916213,6,13
-1.29974243054886,-0.787318914425679,-1.111053023084,6,13
-1.34073530488901,-0.790291696603853,-1.05236542636536,6,13
-1.19605462508002,-0.956870168444002,-1.08796693429696,6,13
-1.48133850044925,-0.678779473501034,-1.12046807378741,6,13
-1.24848412099982,-0.803820966806969,-1.19792060863705,6,13
-1.36396472820941,-0.695383109653997,-1.11438300012406,6,13
-1.34772750680705,-0.511191941184331,-1.17798041854858,6,13
-1.15131383916837,-0.861482542066839,-1.01811322879791,6,13
-1.4326808535683,-0.534030792248486,-1.09073236358137,6,13
-1.21308871299908,-0.707648586786513,-1.29573919614659,6,13
-1.28339652642834,-0.789886844825528,-1.00857047803439,6,13
-1.30353779884416,-0.63734315060143,-1.10514521847988,6,13
-1.17285490869994,-0.728716935745252,-1.07295531170341,6,13
-1.06864717896207,-0.757982849603004,-1.06235326989523,6,13
-1.21995605788324,-0.719327314359608,-1.25260409175386,6,13
-1.44828318635355,-0.68357495226994,-1.06248338327172,6,13
-1.45558619944916,-0.91314623207026,-1.0590927002555,6,13
-1.3299330179686,-0.921265528496334,-1.13009135339795,6,13
-1.2474384661966,-0.696147646057988,-1.32390416357569,6,13
-1.4029506717835,-0.862739513627056,-1.13464810129229,6,13
-1.33938306355957,-0.633685937197854,-1.29686713847889,6,13
-1.27568969714748,-0.656494367160008,-1.15660377140427,6,13
-1.19199482752986,-0.679401353867744,-1.18850471836969,6,13
-1.46066844305452,-0.734008581882594,-1.06996803286614,6,13
-1.29023409188158,-0.522597729280563,-1.13577465252212,6,13
-1.4443569018501,-0.750160928304545,-1.10719229259037,6,13
-1.29592918074385,-0.696743366337842,-1.19535865691428,6,13
-1.31915572872201,-0.645489753575563,-1.04008443231481,6,13
-1.34053959572913,-0.701469134891174,-1.12537222472095,6,13
-1.38510254705548,-0.747688761592518,-1.19107059809847,6,13
-1.24314808448424,-0.698742217112779,-1.12323256333833,6,13
-1.41203929531655,-0.685839856604947,-1.08878814450949,6,13
-1.23282252595362,-0.680940932191301,-1.03633544326268,6,13
-1.32941340722873,-0.799428994723137,-1.20484028710136,6,13
-1.32634522877246,-0.74534472910794,-1.3290741218153,6,13
-1.22148377315099,-0.811313398987285,-1.13879249054565,6,13
-1.25590368920809,-0.741311164044579,-1.33777858725056,6,13
-1.2432170931933,-0.85677602938768,-1.19038578757764,6,13
-1.37244179308963,-0.612458382239358,-1.35013714901406,6,13
-1.27881590379783,-0.823986525946149,-1.18117506095486,6,13
-1.25754107367225,-0.658056205881833,-1.03020150669669,6,13
-1.12953949036981,-0.848132709166468,-1.34650391464077,6,13
-1.39186965808109,-0.766683420146097,-1.17681969618556,6,13
-1.17277322002286,-0.877114238664013,-1.06510032092436,6,13
-1.36976942544452,-0.803628037250646,-1.28202947893916,6,13
-1.28609132078272,-0.819600827754781,-1.08674217921223,6,13
-1.31342869906747,-0.953238356394752,-1.1620102573313,6,13
-1.16075505006834,-0.766199467527124,-1.33218038506706,6,13
-1.24892740451238,-0.911127041953955,-1.17531834637749,6,13
-1.505429002007,-0.599846855508902,-1.34396987846512,6,13
-1.30435137198415,-0.761362671131914,-1.13425167409325,6,13
-1.41466009504749,-0.602624508440096,-1.1316868953423,6,13
-1.25159532147089,-0.736410247448601,-1.02241874164483,6,13
-1.37449240184975,-0.878076927028963,-1.30683075681713,6,13
-1.37201931135642,-0.738582666662003,-1.23379737498308,6,13
-1.32617290837495,-0.804522029860313,-1.13309009837763,6,13
-1.3431011505352,-0.613297437122018,-1.08180000350843,6,13
-1.31883972248571,-0.609582533798251,-1.29413529993375,6,13
-1.24068796557534,-0.892967704282201,-1.16494392192771,6,13
-1.32009506258036,-0.625785257991028,-1.32938330266999,6,13
-1.19965624617695,-0.790048579937725,-0.971121311818169,6,13
-1.52272007520584,-0.61478750879732,-1.18687019059607,6,13
-1.23125046982879,-0.844339271906534,-1.09812089873408,6,13
-1.28653191310795,-0.762250536231028,-1.2007993517028,6,13
-1.16529014791746,-1.03194697433968,-1.17897018150151,6,13
-1.3970709191377,-0.593147835286447,-1.08211451373373,6,13
-1.21732758675138,-0.686786994150282,-1.10820457852603,6,13
-1.26732556672732,-0.721606191798892,-1.27122223145014,6,13
-1.35769126323961,-0.669346990246607,-1.25183499177356,6,13
-1.24769494498161,-0.942827997257122,-1.1773116353927,6,13
-1.34691701261357,-0.808750697544287,-1.15602289893401,6,13
-1.18336215900283,-0.837833543732135,-1.24778647876231,6,13
-1.29986446138941,-0.515437554890426,-1.33937309836675,6,13
-1.30717057367613,-0.69401713061619,-1.15863531029686,6,13
-1.24912055017508,-0.80768325780846,-1.08109208626059,6,13
-1.31413227165873,-0.896728665994554,-1.14954092719858,6,13
-1.21179063780861,-0.879744036385229,-1.03291518264483,6,13
-1.0731263551274,-0.675737951406427,-1.36010985491559,6,13
-1.26350430769927,-0.836722977473491,-1.02926177167795,6,13
-1.31938970894094,-0.972243962221912,-1.17932781318028,6,13
-1.37509531443444,-0.780139502906457,-1.1495202718118,6,13
-1.27874220038557,-0.499796633030924,-1.22017202860521,6,13
-1.47923263051686,-0.65313813834587,-1.20011297213044,6,13
-1.09613030436034,-0.759935100973986,-1.1787445466054,6,13
-1.55817516862099,-0.568241811523961,-1.15625237922525,6,13
-1.41892172118117,-0.815816289633437,-1.25847458413253,6,13
-1.35359652188671,-0.665460909396112,-1.25471765721961,6,13
-1.40181246795021,-0.813197278066583,-1.1922586686337,6,13
-1.43429865065115,-0.88435953008157,-1.10901290832219,6,13
-1.17637529388706,-0.819276608922678,-1.23439875869924,6,13
-1.15758226055606,-0.71277330306139,-1.09000150347812,6,13
-1.19887870900863,-0.527902481234086,-1.20588030921484,6,13
-1.12553132412813,-0.804570478685294,-1.32205093850663,6,13
-1.38603022110963,-0.679917598728236,-1.18484669014106,6,13
-1.31774362503902,-0.767853259407493,-1.11449126305036,6,13
-1.24664558498315,-0.605280230513508,-1.17370673197148,6,13
-1.23224828802336,-0.664337397726818,-1.04331718176481,6,13
-1.27805641036185,-0.797604910244408,-1.30482756644207,6,13
-1.1906226005952,-0.830875942799607,-1.16898284786029,6,13
-1.14687817705998,-0.7450770786903,-1.31769648833375,6,13
-1.13823064720631,-0.91557043046665,-1.33413714276605,6,13
-1.26871226119179,-0.698745062629624,-1.18468851507292,6,13
-1.47137753235791,-0.890933219858551,-1.36221511519643,6,13
-1.27719648517889,-0.538156362441858,-1.22125213968061,6,13
-1.43873279074578,-0.832532273179851,-1.04204452916917,6,13
-1.30947038352601,-0.657593819095178,-1.1658585911766,6,13
-1.23697485756389,-0.870923955391114,-1.43239709394832,6,13
-1.18036182825534,-0.796224259470785,-1.26358846273332,6,13
-1.38470001201654,-0.684242600212618,-0.940212325958083,6,13
-1.40326647799205,-0.664298757377216,-1.12746791004465,6,13
-1.39414354645338,-0.84624848415252,-1.08383220013671,6,13
-1.47863049492099,-0.806820346881881,-1.07123029196218,6,13
-1.37906082908645,-0.73161162464404,-1.1284882126474,6,13
-1.30793399310726,-0.670894654499166,-1.14160702756054,6,13
-1.50831081178987,-0.766791198111921,-0.993865478521733,6,13
-1.36281562904936,-0.780762371359889,-1.32421366333533,6,13
-1.32356902128518,-0.760311916388273,-0.923094547575263,6,13
-1.31288868948161,-0.811224082721402,-1.29326463448345,6,13
-1.27736609999482,-0.687329394600467,-1.12493929822651,6,13
-1.24961361349586,-0.659124404918779,-1.10652622848283,6,13
-1.3479663733872,-0.572233180981355,-1.37804951597094,6,13
-1.37677601274581,-0.754469638275113,-1.12517038695011,6,13
-1.24552412057385,-0.766672961722581,-1.15509142510085,6,13
-1.26641523107422,-0.54203264589946,-1.28816967227384,6,13
-1.28671228478088,-0.770890969059536,-1.36334518810819,6,13
-1.26948441861893,-0.984666164482847,-1.23128970480569,6,13
-1.1145761679828,-0.752779233659819,-1.20387979783027,6,13
-1.28861454496441,-0.791557672532873,-1.10246166365602,6,13
-1.33728430123623,-0.839550873494325,-1.18820400546792,6,13
-1.47355798285215,-0.702564055351715,-1.132239357469,6,13
-1.42540105359203,-0.492949518190294,-1.2303624224272,6,13
-1.32015756418431,-0.705776763448415,-1.05863416092413,6,13
-1.2630471598975,-0.821693518343306,-1.12116717185493,6,13
-1.14129017871689,-0.837130450044138,-1.1324186932976,6,13
-1.42051340750183,-0.79836820135097,-1.03440459229764,6,13
-1.15585671918068,-0.860970300920939,-1.29217511481291,6,13
-1.27516533994239,-0.892294014528431,-1.11928492204882,6,13
-1.32060732945565,-0.605179483197639,-1.31830382021404,6,13
-1.27155927251554,-0.553465189116341,-1.13183573613536,6,13
-1.31656322697306,-0.66826490542707,-1.26445683511239,6,13
-1.34563158060213,-0.910131503472916,-1.16045146900437,6,13
-1.10035629582891,-0.757799477772583,-1.12273513716429,6,13
-1.31452543109929,-0.686186031443442,-1.33870673316849,6,13
-1.24316003475609,-0.634577614312082,-1.15127298931657,6,13
-1.35432725586923,-0.802475854085063,-1.0730258048456,6,13
-1.34465788087444,-1.011392582305,-1.17885278767778,6,13
-1.23425509906953,-0.817486725376208,-1.09385271892133,6,13
-1.40848586874394,-0.700542437522955,-1.33820609765911,6,13
-1.04820590489652,-0.793914576110853,-1.13300774611559,6,13
-1.41916016766407,-0.868942503414606,-1.28493100457092,6,13
-1.20511561991379,-0.713509053261349,-1.04899091827517,6,13
-1.27493310699687,-0.737678281527311,-1.19305641038428,6,13
-1.17518985215016,-0.766676725594821,-1.0503912881231,6,13
-1.59448064693864,-0.730064186668428,-1.1575794085303,6,13
-1.38524222979185,-0.649753554325477,-1.09797757684798,6,13
-1.39381236375441,-0.529444519464293,-1.21056512916954,6,13
-1.3130968222703,-0.760421351059377,-1.12698777406697,6,13
-1.43319430269018,-0.616475713801911,-1.07597204764512,6,13
-1.482921003063,-0.916596147645862,-1.19736874894255,6,13
-1.42160375052497,-0.941755699154593,-1.1628018517703,6,13
-1.13198997722959,-0.666693317251206,-1.1810890471494,6,13
-1.23733733972035,-0.925413519379213,-1.14619134426653,6,13
-1.21471821881412,-0.874768821146399,-1.11233216626233,6,13
-1.21859270773811,-0.813562988591408,-1.19267458751944,6,13
-1.36756130475339,-0.904898554706534,-0.990786036167298,6,13
-1.31657523473978,-0.791115113364736,-1.03935002759144,6,13
-1.39637533418058,-0.888206468073416,-1.18391982863415,6,13
-1.3669497306319,-0.816135785906355,-1.42666968356056,6,13
-1.21050425291895,-0.744943168578144,-1.2118575000789,6,13
-1.32988792308375,-0.875420475108356,-1.1342649582743,6,13
-1.27193206332495,-0.66121255347482,-1.00020669701511,6,13
-1.42458596785744,-0.969580444479483,-1.14200557436223,6,13
-1.19337411707174,-0.818840899788641,-1.15002654569023,6,13
-1.4387308542413,-0.656886991060311,-1.16871835936002,6,13
-1.3576080329825,-0.793758723961753,-1.09623965688059,6,13
-1.20668138171247,-0.604152571900565,-1.0626638211744,6,13
-1.34223229796882,-0.725364071706272,-1.18696635880499,6,13
-1.33778965387053,-0.8575037196679,-0.895109778386773,6,13
-1.15321132826423,-0.647922130566819,-1.24494023972791,6,13
-1.13040528593319,-0.949404345028159,-1.08110618635435,6,13
-1.23022130894799,-0.514738544132202,-1.00970515069037,6,13
-1.19940331675536,-0.696161543048651,-0.967081563646372,6,13
-1.49200059096615,-0.728308398264565,-1.17383132547062,6,13
-1.19059465138206,-0.800311994968189,-1.09277860530771,6,13
-1.165632129991,-0.66547866931481,-1.14015126131704,6,13
-1.42327372450998,-0.900482876878286,-1.23857636311597,6,13
-1.14303262426042,-0.814327117899237,-1.38060947574115,6,13
-1.3277073411493,-0.895790149240025,-1.31419860402864,6,13
-1.22635427713786,-0.903839729950395,-1.19972363028717,6,13
-1.30303601585361,-0.682948121662537,-1.33202067660783,6,13
-1.26087126687452,-0.725821048359502,-1.14448591177647,6,13
-1.30656527906435,-0.820026268873744,-1.22597788999628,6,13
-1.31617583994572,-0.85182418068292,-1.33428610763815,6,13
-1.49597817380501,-0.741033624881053,-1.25752009515446,6,13
-1.41845700411464,-0.729088816765337,-1.1494661080073,6,13
-1.41231533778826,-0.864434106948831,-1.10338611476438,6,13
-1.24784076346266,-0.795809186535566,-1.13309199129462,6,13
-1.34534896827431,-0.543562735741979,-1.11871755966712,6,13
-1.49772176281583,-0.772683173717206,-1.02347605203457,6,13
-1.42755805601306,-0.944789363960936,-1.24833228105882,6,13
-1.32679370525948,-0.842723553883772,-0.949772858111068,6,13
-1.22224035588587,-0.751353921015799,-1.40743682360579,6,13
-1.26364015032664,-0.749685022552031,-1.3055180422246,6,13
-1.11043995093436,-0.603908612379735,-1.20593096608736,6,13
-1.24545647191663,-0.895429043675251,-1.08114948992571,6,13
-1.20282144843273,-0.720846620125422,-1.226707569975,6,13
-1.51146768349964,-0.681307629936127,-1.35116642007916,6,13
-1.26639777375631,-0.704243716200282,-1.28988825483269,6,13
-1.14341764891705,-0.719710166179599,-1.27899546078473,6,13
-1.39259941477805,-0.765579438468851,-0.982049891223651,6,13
-1.1379601297103,-0.705520067450258,-1.07954724474878,6,13
-1.37556838044314,-0.816457667673658,-1.07418297632564,6,13
-1.36242654631687,-0.802112777125734,-1.19622005188477,6,13
-1.35330592668408,-0.801734717100105,-0.961365348471741,6,13
-1.23642589696085,-0.777373347437587,-1.16989060838135,6,13
-1.38615525907407,-0.771227611217951,-1.11856473820258,6,13
-1.43098687375428,-0.761863064124978,-1.09035071373515,6,13
-1.26138598213286,-0.68004922160244,-1.27458101793972,6,13
-1.41638216739832,-0.785079844575021,-1.19076646292176,6,13
-1.24360051392436,-0.73386328212687,-1.23854025511206,6,13
-1.35694979652758,-0.754759325922354,-1.32743259197809,6,13
-1.34597111020944,-0.709137829085895,-1.08842886236973,6,13
-1.43261954097964,-0.716105993477567,-0.985219226120777,6,13
-1.26804564141142,-0.734166201168894,-1.29921245301048,6,13
-1.25545473197177,-0.514103915609827,-1.23029095147233,6,13
-1.34854050031154,-0.934114841602391,-1.19260844477163,6,13
-1.42694963296873,-0.616623669453314,-1.05392947364382,6,13
-1.27252071239391,-0.746946725786814,-1.1748601943879,6,13
-1.51645654636218,-0.754878934258556,-1.32867740001175,6,13
-1.15421956907198,-0.740767923322225,-1.39302656193199,6,13
-1.47656598839882,-0.694283917833221,-1.27722562666997,6,13
-1.38945032618965,-0.908652904788054,-1.00534744842256,6,13
-1.3989514266981,-0.614746091830495,-1.11515087783762,6,13
-1.2497996229394,-0.502129081732293,-1.24899755930963,6,13
-1.22057546480967,-0.664596631655995,-1.23999896157577,6,13
-1.56226047262583,-0.634716013457924,-1.13539972846461,6,13
-1.31403303939456,-0.851127632255967,-1.26196323294976,6,13
-1.19464302476462,-0.643886116926516,-1.03794283428828,6,13
-1.283805198056,-0.576563630233476,-1.11582824357998,6,13
-1.24987093708043,-0.645659637254078,-1.25533891515407,6,13
-1.29370436525581,-0.710330824104088,-1.12390137356733,6,13
-1.38816934045236,-0.650660099713942,-1.10897553593013,6,13
-1.25331039586368,-0.601096754906928,-1.256948879228,6,13
-1.23898039129092,-0.778058883885092,-1.17457327163472,6,13
-1.21975698834139,-0.802343117494726,-1.211157380237,6,13
-1.30234081283313,-0.981391947271561,-1.06154861488023,6,13
-1.19517122558014,-0.917276038141862,-1.08439402907192,6,13
-1.22040812333727,-0.797856287249441,-1.29570274891106,6,13
-1.23247913965244,-0.893805560947979,-1.35326672299919,6,13
-1.27523657203165,-0.663777497779103,-1.19492761487727,6,13
-1.2341000533701,-0.893956938729643,-1.19928211592639,6,13
-1.16469450059375,-0.760087956102349,-1.09377479884681,6,13
-1.31027804437759,-0.89336915102718,-1.13878945665571,6,13
-1.53733582454093,-0.867701589235961,-1.15627529060833,6,13
-1.3587978551878,-0.515470291007076,-1.27756233802958,6,13
-1.29079511189865,-0.814886694113377,-1.37234940690022,6,13
-1.47062563995587,-0.767026872754818,-1.14561975031182,6,13
-1.23656822741275,-0.899738102670996,-1.23908022235915,6,13
-1.23573035012292,-0.687207026050911,-1.19025919872697,6,13
-1.49228050496553,-0.600175092646524,-1.33584508419686,6,13
-1.24689090080715,-0.741768675448417,-1.21899976117741,6,13
-1.17690860798476,-0.685349798205475,-1.40481686917963,6,13
-1.259266908825,-0.852825824289388,-1.15835735615865,6,13
-1.34045554132075,-0.625470324327233,-1.3687893240755,6,13
-1.42115276216542,-0.87257172880826,-1.1554545426958,6,13
-1.26436994585445,-0.756942373453841,-1.37939982319263,6,13
-1.31207381005978,-0.740071186834406,-1.36630892080663,6,13
-1.24005271595247,-0.892270053856116,-1.12235697582098,6,13
-1.52194015050042,-0.769113418321996,-1.29826566322445,6,13
-1.24114438007493,-0.602158499137549,-1.15269284770738,6,13
-1.34112947197782,-0.706181613584131,-1.32775931100441,6,13
-0.743646546901529,-1.19583980467329,0.465432668007103,7,8
-0.867114051705145,-1.34338512542751,0.260036889520368,7,8
-0.775819156381864,-1.49914432762705,0.525921139035862,7,8
-0.604824536486654,-1.43400364470031,0.223982305339471,7,8
-0.662665073613979,-1.53327221024443,0.467176104840659,7,8
-0.748499487743345,-1.47648625243226,0.364146969757617,7,8
-0.775418767981914,-1.36638848236202,0.457843304597615,7,8
-0.869730383384519,-1.48068409582971,0.324555720375789,7,8
-0.675718791250971,-1.34661409815166,0.432211554883031,7,8
-0.859158046741024,-1.1949051444555,0.191120284548982,7,8
-0.854824528682482,-1.36821118184738,0.362832997720432,7,8
-0.735639725046782,-1.53188394213053,0.641599181257339,7,8
-0.761389862075758,-1.37884799788488,0.470564459491898,7,8
-0.742200000296984,-1.55688096764434,0.373069849897042,7,8
-0.607616546553267,-1.53090041726727,0.58311071689668,7,8
-0.824632828442754,-1.39603994424797,0.410180971032862,7,8
-0.698585371969093,-1.3132838564175,0.424633113617004,7,8
-0.720543368106164,-1.30820211338679,0.510059548279209,7,8
-0.593474020035582,-1.15201330409051,0.511311466131936,7,8
-0.934892408613964,-1.29325657655612,0.36016958303857,7,8
-0.785141403903668,-1.16403211257946,0.373955483879241,7,8
-0.754565803733385,-1.39875321321856,0.616682242996546,7,8
-0.743177798533475,-1.44393457720403,0.226044467268799,7,8
-0.751149960007457,-1.39045548680242,0.416641156440726,7,8
-0.722687282005818,-1.38064669084358,0.275594600450189,7,8
-0.650068196984293,-1.49317532929688,0.232892098789581,7,8
-0.682401595344228,-1.19842387580911,0.508611446476442,7,8
-0.885435759843025,-1.35424158142323,0.308840252719452,7,8
-0.712261065683403,-1.31064554830011,0.531753852644314,7,8
-0.899583113363506,-1.17006266027961,0.609720492678299,7,8
-0.836324607383181,-1.47381247149714,0.381461372076602,7,8
-0.629564616035009,-1.32259228659502,0.338184087731859,7,8
-0.488067377714982,-1.26858208310076,0.486910603085534,7,8
-0.859810087091535,-1.2813161847414,0.221005208796363,7,8
-0.971546438823091,-1.38394059765472,0.391952551652483,7,8
-0.623865156904137,-1.44932617469704,0.406823234483032,7,8
-0.576680307274955,-1.22461474377093,0.440765485680195,7,8
-0.747511975613613,-1.44229207649661,0.35889432551023,7,8
-0.656566940230508,-1.34470770393065,0.460367466519761,7,8
-0.73185766404612,-1.28486826107501,0.423834119521054,7,8
-0.786651465172284,-1.26238301432315,0.386594385343998,7,8
-0.577072522632916,-1.41276255197293,0.458911533965451,7,8
-0.866368139880849,-1.61737012699262,0.402504551584996,7,8
-0.616217557428427,-1.2548145138204,0.426942090648365,7,8
-0.776622104109009,-1.09114312340322,0.412003176203121,7,8
-0.758780652424552,-1.44028328510948,0.539530451989027,7,8
-0.776023348303813,-1.24810479624422,0.300090207793774,7,8
-1.01306626603135,-1.28023548444991,0.517874573745703,7,8
-0.611068315343918,-1.21050396365828,0.304324515042052,7,8
-0.803516967446708,-1.39927397493157,0.549471107025088,7,8
-0.808519926674718,-1.33954417299402,0.310499674955929,7,8
-0.521886859539466,-1.48479223613357,0.580515730007718,7,8
-0.87394734908594,-1.22501001947694,0.472890253796398,7,8
-0.610439184990162,-1.2995230598422,0.323915900474884,7,8
-0.818931778442282,-1.31018295516424,0.273519477593236,7,8
-0.739245999439408,-1.217448069187,0.286431480217187,7,8
-0.846600490410548,-1.46902566619531,0.496629787006167,7,8
-0.773128568538307,-1.16464012410082,0.39599232271764,7,8
-0.89845785642863,-1.44925912373611,0.462293827556136,7,8
-0.850382446536488,-1.28597492614844,0.352999092408723,7,8
-0.694239427699075,-1.5572714371492,0.497113684733221,7,8
-0.649675481686095,-1.49291247315413,0.445544082696364,7,8
-0.88862999534385,-1.30400655318759,0.40889937021248,7,8
-0.746526084072378,-1.25366661664298,0.579518232661611,7,8
-0.872492979327099,-1.26160143942364,0.437509023311363,7,8
-0.512495664020365,-1.34887108378304,0.266614186760385,7,8
-0.844577175393905,-1.40153436609602,0.304656623416019,7,8
-0.720634346110331,-1.27811877140563,0.503107393534623,7,8
-0.825557784008269,-1.21360823567964,0.469900640802715,7,8
-0.74951764491413,-1.29936310943927,0.585369126137098,7,8
-0.77945258564149,-1.34960659177039,0.185588640492453,7,8
-0.753916633623733,-1.37438805255507,0.451044854056472,7,8
-0.655227157549973,-1.32706105390849,0.483559179357154,7,8
-0.88469290607739,-1.478727546961,0.423293095496804,7,8
-0.579433817598594,-1.35140836025941,0.311319224625414,7,8
-0.636121465888255,-1.55083623129533,0.494669296376177,7,8
-0.728722664508615,-1.36378820136905,0.233421304297627,7,8
-0.909205778587331,-1.31660338873962,0.447863836563109,7,8
-0.804306061252607,-1.34800613948013,0.379154515072991,7,8
-0.943336749207222,-1.35475736610154,0.407333043865376,7,8
-0.592196483889564,-1.30373588243217,0.610064669654776,7,8
-0.701951300974525,-1.13237660648269,0.418756430242685,7,8
-0.821965458236735,-1.35040591903384,0.558597359043526,7,8
-0.657205346498085,-1.36758794937822,0.225900810993856,7,8
-0.779083646573137,-1.33859473656254,0.496403798118269,7,8
-0.894424699026404,-1.37402377175963,0.278883438111924,7,8
-0.713787343856428,-1.32513869895282,0.396256995848429,7,8
-0.792087987848746,-1.43803778149763,0.645483606424877,7,8
-0.661973749707413,-1.34256919296076,0.376579458007401,7,8
-0.827737457378593,-1.27525695239998,0.307098395950148,7,8
-0.854006349832452,-1.34868405929794,0.436581821318962,7,8
-0.74471799559788,-1.47555131537352,0.616850359513546,7,8
-0.548150510273571,-1.25298687941324,0.21206246982545,7,8
-0.840097046917748,-1.31809996023086,0.390222942020862,7,8
-0.817207343372104,-1.37001076552792,0.20614998836849,7,8
-0.781646352757806,-1.32343576162362,0.613304503673019,7,8
-0.757459462242813,-1.3668272013707,0.488945581406712,7,8
-0.824491400825122,-1.14175951313501,0.523840325769293,7,8
-0.792192678817061,-1.25328228802693,0.619184724188984,7,8
-0.905100653092163,-1.2297978668543,0.505008246108109,7,8
-0.863629314472989,-1.41246904382654,0.265490936274334,7,8
-0.753040241652257,-1.46799969122383,0.249382937736896,7,8
-0.774828369283967,-1.49706088977851,0.568200404625601,7,8
-0.777425425394652,-1.20834812842742,0.537191544114212,7,8
-0.658315557465069,-1.30142302821663,0.451305808111562,7,8
-0.682701388126685,-1.26315748222337,0.492726064787426,7,8
-0.462272151036121,-1.4259576348583,0.44017103575082,7,8
-0.541673272703381,-1.29578650581956,0.49059760247584,7,8
-0.753082386085055,-1.25226118387273,0.449779299479031,7,8
-0.690922526935775,-1.33910614479387,0.499918349031363,7,8
-0.895071605294332,-1.10101060705185,0.484513015311035,7,8
-0.874809446089208,-1.17434594310248,0.477120197285838,7,8
-0.796121783293477,-1.48581390018846,0.320381600405008,7,8
-0.908008934449381,-1.14596079791249,0.499196877567127,7,8
-0.510237442821724,-1.33100717240188,0.458381465405995,7,8
-0.686680195035469,-1.35427804202062,0.544325124334683,7,8
-0.570071541679318,-1.36300079295067,0.416746960299094,7,8
-0.756477389003508,-1.18851427863151,0.668191198002843,7,8
-0.710909348814277,-1.25230215003718,0.475051436439189,7,8
-0.639801849293537,-1.24455967128179,0.432736366993675,7,8
-0.739307014246326,-1.42844479770802,0.371451328549515,7,8
-0.665131711326202,-1.36799569203919,0.365793107225275,7,8
-0.759015428836476,-1.26362847814989,0.421124393576939,7,8
-0.72851529632135,-1.44540423591382,0.688490560882845,7,8
-0.684472807505064,-1.37809390460613,0.257854433079791,7,8
-0.807736315728978,-1.42820772033658,0.368566883675232,7,8
-0.794858465961466,-1.33888358657527,0.36384241280936,7,8
-0.758957562003768,-1.24807930827793,0.360151928070916,7,8
-0.599582985947121,-1.31182583458183,0.360208958592732,7,8
-0.763468627317158,-1.34638041960149,0.507545040170675,7,8
-0.75837272046082,-1.31313810971639,0.406979343294251,7,8
-0.841854111248498,-1.41420125575663,0.441614042843185,7,8
-0.937940652751994,-1.4772644903011,0.305208788733626,7,8
-0.908213858108715,-1.26612384969095,0.41287188406701,7,8
-0.685694058522548,-1.25266054025411,0.383689147183907,7,8
-0.751847979777956,-1.61573573664533,0.519379308501824,7,8
-0.679840206568873,-1.24165198181581,0.498604823875542,7,8
-0.72031728063414,-1.24048731153966,0.442616247083598,7,8
-0.598044355250812,-1.2018595187664,0.247824657600861,7,8
-0.660249919436092,-1.32887452308871,0.283389523292359,7,8
-0.718031606316221,-1.42379722835732,0.40570061788986,7,8
-0.611016906092965,-1.23762381601889,0.263562651374892,7,8
-0.655951662229412,-1.34372307746733,0.523971005137466,7,8
-0.800703622389644,-1.36370690915823,0.437658973606694,7,8
-0.703394107132485,-1.36510204809677,0.22169119123047,7,8
-0.827481156199805,-1.46305353648874,0.358136777332302,7,8
-0.78090756290643,-1.40711368972354,0.435139909159397,7,8
-0.631951126102883,-1.40562182564511,0.500219462125457,7,8
-0.781415719807269,-1.37304022680859,0.520407554689251,7,8
-0.751055912740776,-1.17155306524642,0.464991289331146,7,8
-0.862259758100618,-1.47297252745986,0.242471482354618,7,8
-0.689745048452783,-1.52196375060031,0.5188988891085,7,8
-0.825402287375737,-1.3920845107646,0.358830260282529,7,8
-0.695122001421272,-1.48039912574817,0.450154854673305,7,8
-0.720800486058435,-1.25978040881715,0.307746680538258,7,8
-0.726383441451609,-1.51860281985725,0.491423083830804,7,8
-0.7061678658981,-1.32756079176785,0.43886691965338,7,8
-0.538687499575617,-1.27955662224183,0.568643631513442,7,8
-0.681384297141946,-1.20950091571421,0.473945713800766,7,8
-0.852494924921481,-1.51135412024687,0.377102360688752,7,8
-0.861633886552665,-1.35958429673497,0.456462625816482,7,8
-0.75046564770454,-1.29153415474779,0.488618596033415,7,8
-0.984681199897572,-1.37455715601505,0.607975563749106,7,8
-0.720067933838456,-1.37397799404914,0.460106314372619,7,8
-0.477879015947578,-1.36798247678453,0.54938639672341,7,8
-0.705731386298838,-1.38086403960665,0.516552875654076,7,8
-0.705244187978515,-1.33328479943845,0.253403939371069,7,8
-0.656462565456939,-1.33261013367489,0.179601296823689,7,8
-0.958550707541907,-1.29635020099627,0.263745571659732,7,8
-0.563765624149503,-1.3456995653743,0.486712302206399,7,8
-0.69240608920259,-1.32177989909241,0.44160320366773,7,8
-0.684297518697333,-1.28931769408181,0.270952577855246,7,8
-0.641641808170988,-1.10141725325087,0.47764998886157,7,8
-0.890366456804703,-1.17571386878334,0.305500942920602,7,8
-0.620414991777493,-1.40894631731645,0.204347371385471,7,8
-0.817051823170221,-1.11387933283163,0.268323311106111,7,8
-0.991060134079307,-1.33414695953689,0.444225693812176,7,8
-0.961515144137375,-1.22046887099752,0.266714962704122,7,8
-0.751790476417452,-1.41822067594405,0.260470099653425,7,8
-0.78473229578287,-1.36501370611539,0.479247651593071,7,8
-0.697491551342274,-1.2571035007009,0.367601316191275,7,8
-0.764360143724278,-1.34690319647141,0.506840314211834,7,8
-0.879358241364849,-1.3070896887425,0.385892483149128,7,8
-0.705378489755877,-1.37838962865821,0.427237966931013,7,8
-1.00738290021471,-1.43506720312066,0.411573666387639,7,8
-0.738808231175493,-1.4061996082159,0.498203681434872,7,8
-0.587445797254993,-1.4217956287408,0.294689274313274,7,8
-0.875404093678166,-1.35932110807816,0.348002119704237,7,8
-0.750059263823291,-1.46972182088226,0.531300052017296,7,8
-0.602052924543636,-1.36999810511857,0.239067416858751,7,8
-0.49396871173154,-1.23597061586761,0.402014170608547,7,8
-0.75919675653242,-1.29996376559126,0.460884020989447,7,8
-0.996459130377308,-1.35814561193206,0.534927634278235,7,8
-0.576093670655752,-1.43600415506351,0.302264725068542,7,8
-0.663943933178506,-1.42317244781152,0.444030375918533,7,8
-0.852270039198044,-1.45240264709914,0.592014030744773,7,8
-0.928078723369509,-1.16660246448815,0.47231394097997,7,8
-0.61314327538732,-1.17912136034122,0.493769905521262,7,8
-0.752611519889157,-1.12610548080957,0.556828322113828,7,8
-0.773050473919866,-1.42926898650565,0.586959792743948,7,8
-0.617465283188271,-1.31098895256618,0.33432843303856,7,8
-0.763402140738117,-1.25030312559903,0.407522989909254,7,8
-0.851988490467644,-1.24163236970461,0.435894251114766,7,8
-0.775988925813339,-1.34655929307718,0.493918118201604,7,8
-0.768845173228827,-1.51526538819996,0.320768174199894,7,8
-0.754209218459202,-1.19055832340082,0.312017625703383,7,8
-0.714649011375159,-1.46071448147035,0.265500258600546,7,8
-0.622278324600865,-1.47891160508391,0.585332821506087,7,8
-0.632964492153483,-1.41570957386375,0.322084143855442,7,8
-0.690262218796934,-1.40825346145871,0.403591051560024,7,8
-0.682407814233392,-1.42238159177591,0.480764887028639,7,8
-0.474316504144566,-1.39532842499474,0.364138931449662,7,8
-0.717141630476228,-1.46985196536696,0.59179969460652,7,8
-0.825730320511149,-1.23141116863964,0.407797524275007,7,8
-0.794444135198076,-1.34989346833814,0.197551657179436,7,8
-0.96721258135235,-1.22315360792932,0.366682720697094,7,8
-0.715825670479839,-1.3039984206692,0.441134814018875,7,8
-0.826375336246781,-1.35891186095208,0.523935493876437,7,8
-0.854001060591443,-1.34590726246174,0.371215467714531,7,8
-0.74439390681917,-1.46313386605546,0.387074687070379,7,8
-0.734531842459405,-1.49749653478606,0.347932981348075,7,8
-0.747583583454308,-1.40521553263407,0.471940544576972,7,8
-0.655997929441762,-1.40791983688434,0.234365156022501,7,8
-0.723519224993575,-1.49589056729021,0.425713913091402,7,8
-0.692318195638143,-1.29401318273691,0.602251975501525,7,8
-0.673005287896901,-1.20029875011352,0.353516638853952,7,8
-0.786593603319316,-1.30887159165906,0.567230444652822,7,8
-0.558328861783594,-1.13539638313793,0.355083245928101,7,8
-0.669270569432889,-1.30756906376854,0.357421736061265,7,8
-0.806687811580326,-1.34982046465129,0.279679887175856,7,8
-0.827849370489764,-1.42242199815327,0.572426835612436,7,8
-0.646174883977223,-1.27695229365968,0.139878975276174,7,8
-0.785624559987799,-1.1564788537498,0.271758702849741,7,8
-0.836064477104559,-1.33562398173315,0.362082519485799,7,8
-0.738863742338474,-1.24883090188285,0.429510753203665,7,8
-0.806371093701004,-1.48593039296911,0.383400471532284,7,8
-0.683834385923455,-1.35075173762875,0.350651615274727,7,8
-0.599467042356502,-1.4086177960975,0.484961651074233,7,8
-0.648267819454914,-1.20785176974147,0.334915797532632,7,8
-0.805946382309201,-1.36736875743437,0.412832529434423,7,8
-0.705749155774825,-1.16326471194792,0.547304175036005,7,8
-0.763365121629255,-1.21560591190074,0.34855114185355,7,8
-0.891868885853382,-1.20161825698184,0.397023507986171,7,8
-0.867666399186054,-1.52250014776117,0.422712955863059,7,8
-0.893606672588612,-1.16598684137052,0.447828015999826,7,8
-0.647064557437184,-1.28606080275178,0.199459445996766,7,8
-0.830466476120327,-1.48657396896269,0.387214774194918,7,8
-0.638753932899494,-1.38215165839719,0.552812281871646,7,8
-0.722171802764883,-1.12528354811964,0.468025061751935,7,8
-0.73106834711866,-1.19882166350287,0.331120821086417,7,8
-0.787939041837293,-1.53879839133572,0.4858110662573,7,8
-0.739627842267251,-1.5923685738029,0.32929747693471,7,8
-0.745671033190331,-1.16015508364393,0.227895159513604,7,8
-0.587948027981352,-1.48478787313038,0.605126965488736,7,8
-0.714913574705846,-1.27736183975634,0.212386970755698,7,8
-0.883367411704085,-1.36072209078405,0.309465216043339,7,8
-0.725863743701955,-1.5420176040885,0.356932482434778,7,8
-0.747463987270367,-1.37827900200312,0.207586936363938,7,8
-0.900627209760962,-1.34062256490239,0.522441049274671,7,8
-0.709059437438192,-1.19232265875033,0.330122542106545,7,8
-0.855257462756462,-1.50523315440757,0.314493568337809,7,8
-0.817752327304588,-1.33932339698429,0.337342946899208,7,8
-0.779662499737376,-1.24002855753138,0.528145236965857,7,8
-0.622243180724077,-1.36486743930887,0.414030333957212,7,8
-0.697071730671113,-1.38183147737041,0.514239595693918,7,8
-0.743914999669505,-1.23979151981593,0.398536467432645,7,8
-0.803733950798097,-1.37138395913389,0.42776735383666,7,8
-0.846253898208165,-1.14091668090356,0.35702998723858,7,8
-0.52861618369151,-1.54786397054571,0.506487730414868,7,8
-0.825518760034089,-1.28952438943689,0.330493123488616,7,8
-0.726083104417221,-1.34047473480148,0.439871359892326,7,8
-0.720111738296383,-1.36627635798775,0.43167593831999,7,8
-0.796030679197722,-1.4932169169069,0.589596998318734,7,8
-0.807969674215124,-1.07570133478528,0.456524859825939,7,8
-0.791256777693645,-1.31771255812424,0.611875729231481,7,8
-0.797844214854679,-1.39214409494929,0.543253185181415,7,8
-0.831387084103009,-1.11550039465668,0.612896850610342,7,8
-0.889843139547989,-1.29673451268558,0.462239490351012,7,8
-0.611583067135489,-1.40596435930982,0.440157733832776,7,8
-0.607646924508529,-1.37649814534062,0.371812976283694,7,8
-0.732278384613139,-1.51107791745676,0.510933150910438,7,8
-0.907523214912954,-1.22298438968071,0.638524487825064,7,8
-0.730577842588603,-1.31722190432561,0.531906088674539,7,8
-0.613113407572003,-1.53136358526619,0.491552811313021,7,8
-0.781485296111319,-1.31589011864368,0.362855538084378,7,8
-0.617821322322766,-1.17546105500435,0.274737172323338,7,8
-0.799832474945614,-1.1716970273264,0.341522701033316,7,8
-0.824307929495541,-1.3434485718738,0.405324534505526,7,8
-0.861993653084457,-1.31500505629532,0.555176052470024,7,8
-0.833915230086905,-1.39237219778022,0.448083631321712,7,8
-0.688675524658329,-1.17194906320495,0.471750471888983,7,8
-0.730222471237792,-1.32707930099572,0.50913969946134,7,8
-0.632838296849265,-1.50202741186403,0.365164133358029,7,8
-0.823848279644562,-1.33840103093957,0.455666342607712,7,8
-0.788579673569142,-1.39872736467206,0.411610405818196,7,8
-0.759085602735033,-1.33338562282433,0.315873347535884,7,8
-0.551684046295921,-1.28584097980014,0.55761325928821,7,8
-0.928832063211619,-1.41442708845284,0.418711248121121,7,8
-0.766687093568733,-1.32409260798998,0.481828061416116,7,8
-0.762483075409527,-1.3905624768974,0.357499561091019,7,8
-0.759497858765683,-1.33786795205559,0.270584978130341,7,8
-0.793967917301103,-1.30771349103242,0.473650913914476,7,8
-0.817441864916701,-1.50859132458172,0.349244127492363,7,8
-0.622391164415597,-1.45630779607386,0.656076738382989,7,8
-0.809461873649611,-1.17465157914415,0.615160590193545,7,8
-0.712488829016837,-1.43380472048144,0.448053654046454,7,8
-0.557105500053077,-1.3258639561288,0.46949589557547,7,8
-0.773275690061142,-1.35211950955311,0.490009079905774,7,8
-0.572489964963235,-1.41764980735048,0.390701390106918,7,8
-0.847984990902982,-1.36951295214484,0.486672012015167,7,8
-0.773137494458761,-1.40782412886674,0.556903210173694,7,8
-0.708581844301673,-1.30208985712437,0.245299672613905,7,8
-0.638870730053295,-1.26219815375042,0.545905339275521,7,8
-0.722351338983849,-1.3754829878191,0.284225483645996,7,8
-0.570703980164143,-1.27298274415434,0.448380776518307,7,8
-0.788706685452076,-1.20577912584573,0.467539077635154,7,8
-0.614822915773062,-1.44209159529287,0.593999634889107,7,8
-0.80235521704064,-1.08268739919272,0.421275125624534,7,8
-0.748029096798283,-1.41603407957393,0.344377479014679,7,8
-0.664135638959573,-1.41699134595197,0.2265180502081,7,8
-0.778112157588751,-1.35050822202849,0.313130425376253,7,8
-0.548707164344349,-1.43412404628218,0.300509391019283,7,8
-0.677080007090604,-1.31479239715539,0.465584760913905,7,8
-0.733172607249497,-1.42527096085793,0.631422783144177,7,8
-0.859016163619589,-1.12791439387352,0.369328293821746,7,8
-0.71614129109965,-1.5270973851632,0.434358246312113,7,8
-0.580252885676751,-1.3685201444748,0.406793126296046,7,8
-0.574716585260202,-1.2202514179323,0.324539223681913,7,8
-0.552186736924215,-1.45531898738813,0.304094800981585,7,8
-0.5818555884326,-1.30085729755915,0.560181389519326,7,8
-0.718415498630942,-1.2264380339461,0.330146059556268,7,8
-0.72865439563552,-1.50973016404288,0.41217632622852,7,8
-0.890159168095485,-1.38145308528582,0.44128883389974,7,8
-0.784614179066895,-1.2737848482188,0.533967066098641,7,8
-0.779454309314537,-1.43100009234251,0.623512835250637,7,8
-0.832160612218862,-1.52314660357758,0.575050785466908,7,8
-0.702984242314569,-1.45839200779193,0.524107291504034,7,8
-0.54176666891396,-1.28129402102882,0.538640915031342,7,8
-0.808226236349259,-1.28255696361078,0.357678930241687,7,8
-0.768110850372996,-1.46453286437043,0.508095393773548,7,8
-0.736274492315485,-1.34994830632365,0.401977186745231,7,8
-0.634828289491325,-1.21244869092115,0.556004321134863,7,8
-0.730182719596357,-1.36908229300715,0.478199029451398,7,8
-0.623024614138392,-1.2641187678709,0.151921963975061,7,8
-0.87059175762364,-1.3496145659146,0.317622620001777,7,8
-0.885345329662764,-1.43274971424325,0.404781892201431,7,8
-0.640207568090015,-1.48738363885191,0.534142401544383,7,8
-0.714720826231421,-1.28614811662311,0.410458325695321,7,8
-0.697475508228304,-1.40442101041315,0.582998266378033,7,8
-0.795453780716996,-1.40855656676091,0.62995164549032,7,8
-0.676866672947852,-1.25846593623148,0.436865621395576,7,8
-0.713029197072448,-1.41838052487045,0.687458152211194,7,8
-0.930593746288198,-1.40729352625336,0.414608068588477,7,8
-0.610335560897397,-1.45174147325452,0.588813038417054,7,8
-0.655957046809347,-1.28265789618079,0.295662969564658,7,8
-0.770254524015354,-1.30837471072727,0.544928499450667,7,8
-0.940248675745538,-1.45945970539273,0.507447933962492,7,8
-0.644384003621969,-1.45507413661745,0.294197405234049,7,8
-0.775379707748502,-1.29785820113468,0.401055628619485,7,8
-0.798024965403511,-1.17990019179882,0.279088751753031,7,8
-0.702398554087144,-1.24468025677613,0.367721611422939,7,8
-0.736692410348777,-1.54911863698445,0.281626115009542,7,8
-0.918166121834689,-1.39363168956532,0.313127585368134,7,8
-0.57601889198142,-1.24969179131049,0.419133695090556,7,8
-0.737710905948326,-1.3820621153589,0.386039113789074,7,8
-0.770306225965064,-1.31077963605299,0.645220190816953,7,8
-0.705172354370688,-1.33568368267151,0.331443405721672,7,8
-0.955568841654953,-1.18356479910117,0.360066122423051,7,8
-0.792282527623111,-1.44969172495197,0.532540943848683,7,8
-0.638649956330389,-1.40775518426235,0.269735486418079,7,8
-0.729302205180381,-1.3095435378152,0.513086728602023,7,8
-0.75420747614925,-1.49934645854335,0.529181760629355,7,8
-0.844872652956925,-1.39689307058375,0.559427630155854,7,8
-0.798082542186514,-1.57583612671721,0.309627264280706,7,8
-0.80260647590634,-1.33441233756137,0.392173283657107,7,8
-0.700402633993321,-1.297036287558,0.244281330350997,7,8
-0.700321447476878,-1.37068329159752,0.501924238443543,7,8
-0.818536368322931,-1.32894330158922,0.5012883813352,7,8
-0.537289581603405,-1.31490496414741,0.399019682627662,7,8
-0.474339696494721,-1.33558269045528,0.436217951632932,7,8
-0.719546259754024,-1.39166050555546,0.374073249079325,7,8
-0.614575796981805,-1.46260667643035,0.321833890444756,7,8
-0.730504458742508,-1.21743065621094,0.260804207923097,7,8
-0.781758856305112,-1.47467881408903,0.607367272285925,7,8
-0.56074723518514,-1.19140078812476,0.476611859723946,7,8
-0.62822976124981,-1.31681633672132,0.383194117753589,7,8
-0.890426230057759,-1.3067533432085,0.41157237351743,7,8
-0.715592323215929,-1.41380201284486,0.209040122357466,7,8
-0.768505986663077,-1.24102530653959,0.396329830403297,7,8
-0.812917434261248,-1.28613024717134,0.429148846201811,7,8
-0.592635017631041,-1.34960666075464,0.448532841983287,7,8
-0.714428773954573,-1.18688091188821,0.686243932980695,7,8
-0.798612896115701,-1.32727261428877,0.470617726736471,7,8
-0.708245520386827,-1.20473044773191,0.497252955173664,7,8
-0.756875973978366,-1.36526665253047,0.517928527014073,7,8
-0.63966437094727,-1.38563688354507,0.525902836838834,7,8
-0.759502006544319,-1.46758754038156,0.425517244388817,7,8
-0.600367663252193,-1.2041342050378,0.407149011769709,7,8
-0.719824424253051,-1.33418132955111,0.423422132560664,7,8
-0.577223404372127,-1.49169376136531,0.392667068955123,7,8
-0.631466301818845,-1.47846502953967,0.415728718838544,7,8
-0.820486095633865,-1.28585469475766,0.234029336983949,7,8
-0.695611662507814,-1.41224117065014,0.589308538484175,7,8
-0.748899341350909,-1.37139810113225,0.458394443098863,7,8
-0.835283014793794,-1.35870229192614,0.533023854543183,7,8
-0.745174221245073,-1.15503072971994,0.629881466839946,7,8
-0.79623338380372,-1.43622963589757,0.333334371000622,7,8
-0.864792700394985,-1.3077761963374,0.173056140009139,7,8
-0.720894791332697,-1.48935111125734,0.422248727469495,7,8
-0.695786592475838,-1.28137683003726,0.293101842608868,7,8
-0.846106201572046,-1.31297583508274,0.489297417048967,7,8
-0.571638982238607,-1.31186186149956,0.453159703353251,7,8
-0.707597232780773,-1.41613119827472,0.306503809567631,7,8
-0.812114136934604,-1.2185413954122,0.324794362739632,7,8
-0.841188245727651,-1.37397300656433,0.395671273115284,7,8
-0.580668304580143,-1.25563059585479,0.514631639222628,7,8
-0.821753209780073,-1.10189062704995,0.43085177321133,7,8
-0.818466101910722,-1.25477131296292,0.178075249674909,7,8
-0.929133027073967,-1.23729578508161,0.455296771283157,7,8
-0.692925607340971,-1.27545255593467,0.634101882688761,7,8
-0.774252186009407,-1.37409419409536,0.377104017490517,7,8
-0.810379279336681,-1.41994821999501,0.364827170574158,7,8
-0.799673768785604,-1.37244223214516,0.364023992652958,7,8
-0.627621391834394,-1.30385196547357,0.465945697447089,7,8
-0.699566239514702,-1.14435350760255,0.494367452429663,7,8
-0.684574088587765,-1.23575517120626,0.428607502704642,7,8
-0.626377100830075,-1.46001330731599,0.258322137297607,7,8
-0.847550444002164,-1.29954343833955,0.290864505720572,7,8
-0.732910576010085,-1.24784841975084,0.67064730142601,7,8
-0.59715611689242,-1.27032322834861,0.236824795136766,7,8
-0.750341142581879,-1.03395662618604,0.39722790055749,7,8
-0.78184127557166,-1.43299994023745,0.398631399921579,7,8
-0.645529292975718,-1.29707724279133,0.308343717727139,7,8
-0.62201758988517,-1.33131346894216,0.457517158772814,7,8
-0.658608580641001,-1.47233684303743,0.619726176920778,7,8
-0.690609708572295,-1.37003101184757,0.37655950016241,7,8
-0.739279382052283,-1.27577234438796,0.296128933835441,7,8
-0.735570325611307,-1.36894828647249,0.239232459724948,7,8
-0.585579769600099,-1.48641043117595,0.366263310807986,7,8
-0.894434042562217,-1.2726582108375,0.338046030992363,7,8
-0.787651553794742,-1.38652806326807,0.49331422369657,7,8
-0.795289944912441,-1.31441452128561,0.575625975631515,7,8
-0.585138714370633,-1.23686255345212,0.34730907057989,7,8
-0.622040939365308,-1.35681346390813,0.377509451961415,7,8
-0.666517766332878,-1.35972925111002,0.293810091338943,7,8
-0.661061334048784,-1.28948420815733,0.411242423944558,7,8
-0.697663100953857,-1.10100617467618,0.234157277966405,7,8
-0.739162658550111,-1.32168142066834,0.549567433385631,7,8
-0.788894008524742,-1.4179713414426,0.597102422940002,7,8
-0.733155835930677,-1.24808645373685,0.500430405128437,7,8
-0.688681058100735,-1.27236452150296,0.305634864754709,7,8
-0.621032619625085,-1.48056956820546,0.456826343547697,7,8
-1.25170118862591,0.772841132918465,1.25152980085265,8,10
-1.31547241322419,0.836002479636259,1.41958953386151,8,10
-1.51100557422931,0.839551829399915,1.23212345274906,8,10
-1.2591834022872,0.654550641548354,1.42494503369537,8,10
-1.11234341695214,0.722728410070114,1.07270419029005,8,10
-1.25121616793103,0.928217515811706,1.28802855143484,8,10
-1.37366397482479,0.843088807165837,1.26802671694679,8,10
-1.09769451118896,0.682689782218005,1.22608624772663,8,10
-1.49259341608958,0.671430015284755,1.26807431788491,8,10
-1.24539235309001,0.888626602305487,1.32382240803705,8,10
-1.33192035131731,0.947507975181507,1.37065786167258,8,10
-1.27658636849265,0.639786411219568,1.30322392630721,8,10
-1.24558078962593,0.83541235265447,1.24295058833588,8,10
-1.2592077080449,0.726005680470779,1.15259957971301,8,10
-1.19811883419691,0.876147731633471,1.49123272867107,8,10
-1.35809206935209,0.918152356070976,1.38774317578218,8,10
-1.49936104462131,0.866151085546116,1.41944122936623,8,10
-1.28912220253161,0.758630121980546,1.27786596067746,8,10
-1.29287621323391,0.802121333361551,1.22642011815557,8,10
-1.18326714876843,0.947616958838757,1.35451681836096,8,10
-1.16666454388845,0.650090039067432,1.3441327243532,8,10
-1.28032982212779,0.857597888146595,1.29960543456542,8,10
-1.24911769596445,0.965166489491453,1.28606407598215,8,10
-1.34007026884537,0.835418259148094,1.17824537431827,8,10
-1.13991401265979,0.969648550831944,1.51339460356405,8,10
-1.15823838633438,0.902504682655247,1.2830069658794,8,10
-1.22225405027174,0.634724858717125,1.2111343809809,8,10
-1.52665393803023,0.83088943646162,1.40299895419987,8,10
-1.47408193994645,0.663916923151148,1.23731869271216,8,10
-1.40313809152998,0.915507188984999,1.25071058207587,8,10
-1.38449651765285,0.632231656161315,1.26670862906554,8,10
-1.18571319179356,0.884630556510258,1.40509190632025,8,10
-1.34394154931747,0.765139721083336,1.46886259857553,8,10
-1.26946983559542,1.03144845088632,1.20424931543609,8,10
-1.4481101899352,0.948147052435259,1.19542496672163,8,10
-1.18430577743011,0.607358882232035,1.35696224526497,8,10
-1.25197081396399,0.76524971647758,1.3464141524795,8,10
-1.2497793216274,0.847058810840705,1.31401416499892,8,10
-1.25534825358382,0.887016703314719,1.41353239647503,8,10
-1.28083063607306,0.600125967719874,1.22070808197682,8,10
-1.3671485923343,0.868331032022103,1.295924165152,8,10
-1.43175823966181,0.706260631004345,1.18874735123476,8,10
-1.1701768060645,0.885931763371123,1.20793922965463,8,10
-1.20918756075823,0.887455539771636,1.30989943191907,8,10
-1.18866153081145,0.88596639603483,1.39793553060738,8,10
-1.46971684291635,0.940149403377202,1.06551525156077,8,10
-1.38546182952945,0.694921541169043,1.22423927412221,8,10
-1.51029237663221,0.908867223324435,1.52309138262705,8,10
-1.53703084264875,0.825007979806501,1.36575661723669,8,10
-1.45282923529256,0.85043211193549,1.51931951364511,8,10
-1.38804397471099,0.973956335149199,1.41863743629812,8,10
-1.33472035878488,0.840973106493449,1.47194539360486,8,10
-1.20431979415887,0.79170524730819,1.27761107445982,8,10
-1.32540132692993,0.811444715239794,1.32388489319282,8,10
-1.36491595383653,0.765423354442477,1.55947413339183,8,10
-1.43054182766538,1.03580499255774,1.34908586543515,8,10
-1.30566693419654,0.933030894338276,1.13157203715584,8,10
-1.29673374960607,0.754604226870159,1.40490014289134,8,10
-1.1877729371047,0.852976994752325,1.11087601138214,8,10
-1.34893038474459,0.699920063438715,1.28630510763506,8,10
-1.25436546656863,0.738286265898239,1.29431065966218,8,10
-1.23988054868839,0.837216424401689,1.44752776553451,8,10
-1.34712273866246,0.86869217912136,1.45526299787783,8,10
-1.32482771853393,0.944457000860207,1.2264737244664,8,10
-1.24118213573425,0.741803933076967,1.52593253192162,8,10
-1.34293880215998,0.87719258529847,1.50141395382717,8,10
-1.32800268557155,0.809316288700047,1.30709320446771,8,10
-1.21141006471362,0.890169175169368,1.2776559928868,8,10
-1.35901352161109,0.806023303785239,1.3105494095799,8,10
-1.41895151306963,0.922442942323112,1.3249480669217,8,10
-1.48225058693382,0.683354651304691,1.37742497271676,8,10
-1.25993462936576,0.90961393839608,1.32674881875768,8,10
-1.16174794067886,0.902721005939298,1.46648046247733,8,10
-1.20789566435427,0.954605213637146,1.32236286150727,8,10
-1.38706848669151,0.6934416851531,1.42501575911163,8,10
-1.27261133527233,0.752835482514642,1.36080179430662,8,10
-1.33421185431707,0.986329441789972,1.25109390209482,8,10
-1.20358621129605,0.793079614417582,1.20737975901441,8,10
-1.11270299755871,0.861326510812713,1.46066490813991,8,10
-1.17729445906255,0.843976865990492,1.45095286585372,8,10
-1.20628870252814,0.882678413176881,1.30642407788044,8,10
-1.31231139668775,0.729063290406125,1.35600898996313,8,10
-1.15448912702394,0.994833840233777,1.28132257907835,8,10
-1.37352012100704,0.72774008518955,1.2527514079042,8,10
-1.26738890893504,0.774475871199194,1.39927027998717,8,10
-1.3160859682815,0.864132588154423,1.39511553818203,8,10
-1.3454365204655,0.809758173405418,1.20665906219856,8,10
-1.33438118831541,0.590611191249713,1.19237701007647,8,10
-1.42957754352486,0.772127266907135,1.1454735562029,8,10
-1.25902224648571,0.923925494516121,1.31321192814304,8,10
-1.22853879778711,0.741627977283516,1.41882430309212,8,10
-1.13056973359715,0.880688696315145,1.30797087995346,8,10
-1.37947619180619,0.801138117953436,1.51235698131448,8,10
-1.51820778150212,0.796062247055802,1.45893813901335,8,10
-1.34443161454902,0.850548069092399,1.18281930862333,8,10
-1.24401692076336,0.770696144168441,1.39834549726851,8,10
-1.2495346872996,0.809526782576011,1.55755767368304,8,10
-1.11139341251447,0.765830737386558,1.36555569048069,8,10
-1.28007429029463,0.79666578443122,1.37874543197793,8,10
-1.20258921708707,0.825490621238574,1.37459984672108,8,10
-1.35142581976249,0.837889803420984,1.34970710533952,8,10
-1.18327968804119,0.887719782227284,1.24430839618609,8,10
-1.35173087063876,0.895269650993648,1.01865726199182,8,10
-1.45087366091663,0.688074751385319,1.3719203169408,8,10
-1.25776857589286,0.872248294801588,1.46437650311118,8,10
-1.34236864990248,0.724863187371693,1.24132388009905,8,10
-1.24289684088224,0.744357136631797,1.23731312719337,8,10
-1.31669620739798,0.73345404962595,1.59095039148366,8,10
-1.49109543911609,0.809412486260312,1.35165984439584,8,10
-1.3014538174623,0.85793664925898,1.24742266258292,8,10
-1.31579308348231,0.902902986999279,1.28713033527015,8,10
-1.3328814734319,0.752416746295265,1.17174665604724,8,10
-1.40804915883265,0.880714636758731,1.32724119269002,8,10
-1.43330637299817,1.06207517501476,1.2271366676751,8,10
-1.44950113619985,0.853144048539949,1.43683619285298,8,10
-1.44684041433413,1.0142099083187,1.46571661291516,8,10
-1.34379791617712,0.71966322088577,1.20247806486104,8,10
-1.25153107290365,0.576510090605315,1.35668052089957,8,10
-1.2106964208702,0.896552132373152,1.29061803679504,8,10
-1.24363460115443,0.947944443669145,1.40675987214326,8,10
-1.29782653116551,0.970798947602861,1.0637023720295,8,10
-1.374552600586,0.672003515375142,1.10021435993467,8,10
-1.15899663022855,0.716561135047926,1.49277545659883,8,10
-1.38654661498784,0.823120854120715,1.54508650307539,8,10
-1.26889546625689,0.814450320516035,1.34449084439056,8,10
-1.30822358887519,0.610677929762115,1.37396107022694,8,10
-1.21856537535819,1.03731773245942,1.37269312007983,8,10
-1.22851472937637,0.875150374688599,1.00671310097795,8,10
-1.37931791844761,0.805052030107299,1.04770864249888,8,10
-1.27854858642209,0.820255632085558,1.40720328085345,8,10
-1.14664256359577,0.899734524769519,1.54666228861429,8,10
-1.18085053218587,0.888922159653985,1.26125999910432,8,10
-1.37627722121111,0.946275544985374,1.31427229425287,8,10
-1.38348559805004,0.971316751866805,1.28314982608316,8,10
-1.35076871355719,0.780810808078525,1.3454183578888,8,10
-1.34636084081684,0.755487120500208,1.03850796406034,8,10
-1.30514654653698,0.844857583703701,1.19327192751523,8,10
-1.23521651687897,0.754342058437531,1.44804894643655,8,10
-1.21471857445226,0.541343025474987,1.37465387185741,8,10
-1.49794337459409,0.768550017643147,1.41650445768795,8,10
-1.31640940269944,1.03443526073836,1.19167646506998,8,10
-1.19085505850806,0.857102076637435,1.31349008621218,8,10
-1.37763606401623,0.927077897030615,1.4251381882646,8,10
-1.30382530789898,0.721794277768504,1.35712267035221,8,10
-1.27434949382304,0.857642957974096,1.29850624285938,8,10
-1.40688564651935,0.853318767033594,1.44549625482993,8,10
-1.16077568084839,0.677213316992128,1.29490398393487,8,10
-1.31874603562107,0.965978526027625,1.3358900471108,8,10
-1.34976047130852,0.826078429459772,1.10483755416804,8,10
-1.2012090143107,0.705185865948701,1.35843830951224,8,10
-1.30585666869247,0.675698524043519,1.30101474864938,8,10
-1.16046437595474,0.780211419375061,1.2838504194147,8,10
-1.12573549175773,0.73678428610112,1.46152951219749,8,10
-1.24814826607024,0.841319945563061,1.43090318701962,8,10
-1.25231318507979,0.8266171469161,1.10719429207514,8,10
-1.0987573682855,0.774118046619985,1.11745707936534,8,10
-1.24248008912779,0.733471050997262,1.27895133917926,8,10
-1.18985258025724,0.944171263410992,1.52502864675087,8,10
-1.33440575687279,0.805227977415576,1.27471701250863,8,10
-1.35561410386937,0.866725269939863,1.48414591152338,8,10
-1.44751354391216,0.86141315428114,1.44722566310634,8,10
-1.36003890831884,0.932073549033373,1.10163695548294,8,10
-1.2474685306628,0.815029912239194,1.19895547479615,8,10
-1.23938888904122,1.10094127263876,1.30226679693826,8,10
-1.34843760986081,0.595281336901579,1.18770930264557,8,10
-1.35911776966982,0.843351789947338,1.36803087082012,8,10
-1.19008445100451,0.803099201330909,1.18738919627613,8,10
-1.40955261689423,0.849848983251564,1.25828575481974,8,10
-1.52249705212896,0.941285331221442,1.2871693841004,8,10
-1.33034084365948,0.700161643661047,1.24707902629474,8,10
-1.28548069208126,0.887661884851794,1.32244424996546,8,10
-1.36121143306591,0.954331200960164,1.31875605822244,8,10
-1.37978965075491,0.838069183437405,1.37005311666263,8,10
-1.50454362951043,0.967018806899488,1.24586455313715,8,10
-1.54115436808178,0.984172492194586,1.36538709694156,8,10
-1.23177382953539,0.900699630070459,1.24092898988598,8,10
-1.47498948538346,0.811704531584175,1.54282326469574,8,10
-1.35290392511618,0.776599540602048,1.14728847990252,8,10
-1.39803443270517,0.721649587715948,1.44533823807339,8,10
-1.31875826165712,0.86879680026494,1.24429104068773,8,10
-1.09276170527683,0.831579667493177,1.34526233328447,8,10
-1.35609976538711,0.682939153360447,1.11099523397582,8,10
-1.35463791030317,0.803883436109814,1.21957793067988,8,10
-1.23875196220418,0.889849380304022,1.53908034003908,8,10
-1.19698297995774,0.909246441494139,1.36615432502621,8,10
-1.16347536599973,0.947019130991862,1.44159761156505,8,10
-1.29695667750089,0.790389894445679,1.18724622630689,8,10
-1.34507690201691,0.705205822888331,1.2736696425581,8,10
-1.23457482529341,0.886145596022101,1.42601696133727,8,10
-1.48648693781328,0.697751788474738,1.3716090472818,8,10
-1.39129332206656,0.83240369068301,1.52199038448959,8,10
-1.25459006352622,0.826872917838934,1.26204558999506,8,10
-1.36742265436711,0.783268426327332,1.50210322629295,8,10
-1.24561607911248,0.774507332231364,1.05074395042023,8,10
-1.38358795339795,0.92292597129646,1.45751409265347,8,10
-1.40108822535225,0.772648795537732,1.33750030268583,8,10
-1.18898105373182,0.904407026094038,1.32082683683461,8,10
-1.45328383406038,0.82798764959227,1.15783967237654,8,10
-1.43542634890916,0.944272231789765,1.397461285854,8,10
-1.29021788103082,0.770435049958204,1.31957267515597,8,10
-1.14049365374654,0.83571419620442,1.37327829546504,8,10
-1.552816567965,0.670727641089374,1.33831658725141,8,10
-1.44686539496053,0.868302944201783,1.2647608270118,8,10
-1.45195697910614,0.873565185965287,1.39585560352305,8,10
-1.34107106709655,0.604417490912859,1.43807248892493,8,10
-1.35873988034988,0.731746268629851,1.46270431532232,8,10
-1.10339569103623,0.64348456523575,1.35808708627234,8,10
-1.40208900550782,0.625895118710421,1.24676616605731,8,10
-1.24812480400158,0.846899482103404,1.22170939162468,8,10
-1.43098913759903,0.639123523181555,1.39933114830318,8,10
-1.38685403696804,0.651978184604422,1.41596718570226,8,10
-1.32401636387711,0.813672836222203,1.19204126885877,8,10
-1.34449149241097,0.93979792127423,1.30945541909867,8,10
-1.20605256772512,0.631952546846737,1.24459514248067,8,10
-1.19746532864288,0.836855103752675,1.13587085043047,8,10
-1.37370481619645,0.661373453633559,1.20850202823478,8,10
-1.45683932321177,0.842184841387818,1.4100374541049,8,10
-1.22446414648857,0.927012654454916,1.26104274075921,8,10
-1.20623869552745,0.890062749828732,1.29448990292389,8,10
-1.31759040089451,0.691056530845664,1.26812975347893,8,10
-1.51719855855773,0.851573329945252,1.1488535438664,8,10
-1.21845975462025,0.763127236194865,1.09453568241235,8,10
-1.30843800604679,0.602132656412221,1.3832939371416,8,10
-1.23636993463355,0.732625897696647,1.24893186251549,8,10
-1.30699844713977,0.8444055440319,1.22129428602003,8,10
-1.40776986477262,0.770774840764729,1.33930458508496,8,10
-1.42422676067514,0.893180889978038,1.31839852423979,8,10
-1.25957810453441,0.734723432212927,1.58769384565014,8,10
-1.35513513042425,0.918930706630211,1.33784773861254,8,10
-1.17207867371366,0.921276069609786,1.49819202986005,8,10
-1.22329953237899,0.840122409689183,1.3452242582466,8,10
-1.46129409344077,0.811321981265681,1.35540384211989,8,10
-1.51472992717104,0.852352146664995,1.31376516016624,8,10
-1.4308773204057,0.788354457778867,1.33386771519134,8,10
-1.47983881344105,0.887191770282556,1.32820242572501,8,10
-1.24106178516134,0.888131615256181,1.34686712935859,8,10
-1.2808561628976,0.830505462955754,1.2988669871376,8,10
-1.3788613763154,0.692185988676702,1.4157404538311,8,10
-1.17388810249179,0.837664392364664,1.34998326079387,8,10
-1.46161783346197,0.742363997173209,1.41256669226866,8,10
-1.2898370852054,0.922303304948896,1.14474203336456,8,10
-1.16962558163442,0.920905020853523,1.26315832602894,8,10
-1.50261627136102,0.85265555731199,1.3359698339112,8,10
-1.17929389450643,0.934125215723767,1.32830085451344,8,10
-1.23227341135333,0.933802288008672,1.16628595011857,8,10
-1.39196237241627,0.683240445729286,1.18669801841102,8,10
-1.45120945804593,0.862096516141006,1.49426422295073,8,10
-1.39971918901587,1.01987717531001,1.26884235741808,8,10
-1.1403747286134,0.70753614138206,1.42380374711422,8,10
-1.43139299031245,0.797642631003483,1.52563627914209,8,10
-1.32152611753529,0.709436470286482,1.3025007554519,8,10
-1.39906025051917,0.851997181718718,1.38189078608524,8,10
-1.29927664549569,0.852586051016474,1.36812906147423,8,10
-1.39183913880226,0.815472037533443,1.22658991228506,8,10
-1.29546958504529,1.04903069145061,1.34256849307249,8,10
-1.42436839106916,0.911008581633704,1.35503647471692,8,10
-1.32715689264421,0.890788781351673,1.13529646624304,8,10
-1.38854925719061,0.842002452279486,1.05150650487019,8,10
-1.17902877403693,1.03760907236516,1.2345660049735,8,10
-1.30633991172414,0.89455990391206,1.3010183066808,8,10
-1.21169765368428,0.820062958650223,1.22761998277253,8,10
-1.37238758996864,0.879904840402215,1.18611288069481,8,10
-1.09633669790191,0.665544544521361,1.32227228866806,8,10
-1.36477737647114,0.933744186523977,1.19440996253158,8,10
-1.14946557493775,0.845827747398155,1.21020077899666,8,10
-1.44551010908864,0.708850242591804,1.29622039112165,8,10
-1.35261946458635,0.679906630304631,1.26380913390675,8,10
-1.21872922651887,0.96523281693033,1.11370359649868,8,10
-1.44433986940024,0.858174201847825,1.15801352429325,8,10
-1.53026208113723,0.814347859155816,1.31407831522554,8,10
-1.13249098390979,0.806282214641563,1.36615046774066,8,10
-1.31266110737493,1.06623495557816,1.4156285895907,8,10
-1.28727877558078,0.740422514321554,1.30314380486018,8,10
-1.25021250096983,0.781178292968611,1.3882047617481,8,10
-1.12362597244592,0.877040870927787,1.3365871933346,8,10
-1.48257611134888,0.71540065934726,1.14293891566622,8,10
-1.49527493628433,0.798972082736073,1.25994775885671,8,10
-1.54311968466879,0.82451124945277,1.20037394543762,8,10
-1.2273071465248,1.08422188139804,1.20896554169289,8,10
-1.4154508484875,0.843811916641634,1.40341969385872,8,10
-1.24022381123314,0.719101384491893,1.17569824211551,8,10
-1.27627056576256,0.800858440786584,1.38677562343815,8,10
-1.27414376505327,0.808223002387456,1.28942954865407,8,10
-1.2782742535119,0.975480650810049,1.40942700138544,8,10
-1.21104085519418,0.855680548151915,1.4360147117896,8,10
-1.18095242087446,0.77532985267327,1.33632732157282,8,10
-1.3802838666087,0.91137600996917,1.27598655655629,8,10
-1.34258717956198,1.10627636539711,1.25934087218353,8,10
-1.43214622089576,0.897845479155131,1.33482686432659,8,10
-1.31610584424042,0.856771717734555,1.22783169002092,8,10
-1.28925538903475,0.691150580332181,1.15521097572015,8,10
-1.31853852141103,0.757966489866892,1.2655033973724,8,10
-1.24116807219916,0.7937781977708,1.42717967794684,8,10
-1.2038190686453,0.858317509091111,1.18824021665276,8,10
-1.34527415379273,0.873294590342745,1.51134198477501,8,10
-1.27807454999641,0.877084743742869,1.25285595342527,8,10
-1.14374801913372,0.91580210388201,1.10577332602612,8,10
-1.17565365858986,0.607474857859813,1.24387605653589,8,10
-1.41425107741136,0.920735998821395,1.11138560700486,8,10
-1.03278742368676,0.873625944889837,1.43281720530953,8,10
-1.17802139744067,0.726284727632879,1.352054297381,8,10
-1.27357612167164,1.04807465987364,1.24177544609135,8,10
-1.30467851641283,0.920428215932528,1.33833681702151,8,10
-1.20683159295487,0.876165806694349,1.33696416625964,8,10
-1.34106075389297,0.713984808846628,1.10025037231794,8,10
-1.23004274206386,0.983286832831892,1.35850502485946,8,10
-1.2861680491618,0.777120981026917,1.41938237323438,8,10
-1.26999149117409,0.880363961951291,1.33203146959073,8,10
-1.16628022747825,0.826246612317501,1.28247204756,8,10
-1.28875838986538,0.877084378842824,1.25587236216688,8,10
-1.22332602584853,0.835793654826593,1.29155093976758,8,10
-1.19022832956454,0.81075507782189,1.22670312224406,8,10
-1.04391136612171,0.894522856506917,1.3443584251739,8,10
-1.55859852939216,0.829505642372071,1.47613455704184,8,10
-1.33899104126613,0.899012952473739,1.3020001033377,8,10
-1.45770099820017,0.925161944073474,1.16659734900883,8,10
-1.21959753472212,0.890161025423124,1.31942437508171,8,10
-1.13785697922672,0.612794817994866,1.20952135918425,8,10
-1.206767741983,0.898119667801427,1.13202277340688,8,10
-1.55085577626414,0.80812243714902,1.46449378098022,8,10
-1.47747185392552,0.912067478261312,1.55520495891972,8,10
-1.26140505355051,0.864389979670617,1.12733553646654,8,10
-1.44453577319662,0.972334343034865,1.32052210931301,8,10
-1.36394319883079,0.688906030531243,1.1074072240754,8,10
-1.11323374747833,0.767016164231719,1.409606328406,8,10
-1.38504010835689,0.573987189569719,1.24170376537873,8,10
-1.18223093884494,0.778197573173966,1.33577660899346,8,10
-1.57691107259786,0.868255410589956,1.42835286888115,8,10
-1.35976281454811,0.836151300900421,1.32116798710924,8,10
-1.40337524434733,0.86994142374862,1.12006424003074,8,10
-1.11152873791106,0.980510431806477,1.27747099183889,8,10
-1.14543612863436,0.67774261542297,1.45336511944106,8,10
-1.38028306357116,0.856007638776959,1.32929820117847,8,10
-1.35819644761114,0.8005300251886,1.27368458848269,8,10
-1.23784287001429,0.847152438227833,1.08141383871155,8,10
-1.36881589969495,0.836650392500709,1.13841847190768,8,10
-1.26275900844026,0.73776902481697,1.42800285934541,8,10
-1.32862377280671,0.66356528675628,1.47658098528511,8,10
-1.33238781577615,1.00846380474213,1.20730683686801,8,10
-1.29804953189413,0.744779342698498,1.04310050984169,8,10
-1.26577133870871,0.818432895420593,1.52203687294089,8,10
-1.3663119444609,0.988296687011934,1.48063001984987,8,10
-1.30841437815797,1.01241387918087,1.38357940001046,8,10
-1.33408387201668,0.769829579568127,1.0207842428056,8,10
-1.38292377929698,0.830653295786707,1.26587822478543,8,10
-1.19729275110639,0.774194061854463,1.39460260212189,8,10
-1.20934356460686,0.686806326686761,1.3035580796826,8,10
-1.08184379503515,0.889478604284238,1.38401548822659,8,10
-1.32725522008623,0.868735921184151,1.29853461737051,8,10
-1.10051488358441,0.718954279997794,1.2355311025228,8,10
-1.47974260439393,0.923752593178963,1.32484885719013,8,10
-1.40672641791487,0.791705489498661,1.37989388002821,8,10
-1.49222262779307,0.753753433101672,1.12930166886147,8,10
-1.25492810226316,0.615618234760009,1.44622996546976,8,10
-1.34919800974842,0.84175028684521,1.26431564270323,8,10
-1.25216273825449,0.852724328666346,1.16938468828896,8,10
-1.40212543407306,0.624682479803714,1.48046823871045,8,10
-1.3310046171064,0.593057473507981,1.36901293250426,8,10
-1.19802829754583,1.106017373561,1.28623161315759,8,10
-1.17341769428191,0.876285424607771,1.31539148144807,8,10
-1.19850925562054,0.645184915527563,1.30598540961951,8,10
-1.3637550254156,0.619335076101351,1.43927493356204,8,10
-1.25331985145479,0.851632670801452,1.18530637816883,8,10
-1.29851805090264,0.926132419008509,1.00515875529747,8,10
-1.32118817176017,0.810818540143498,1.30823661947854,8,10
-1.44686105125307,0.686083414776589,1.34678060542602,8,10
-1.40807181844509,0.698929677359113,1.16042375633623,8,10
-1.27007452813975,1.01657404606561,1.22092736499086,8,10
-1.45409964402881,0.597389085952968,1.19413335312156,8,10
-1.42015727544446,0.955081114508248,1.3319008376019,8,10
-1.26463747987654,0.759395144040437,1.23594510329284,8,10
-1.32731706110488,0.784332225062256,1.35295339033201,8,10
-1.20065886501832,0.800740896733548,1.26538226893973,8,10
-1.31138310984511,0.705628899078328,1.11242504850096,8,10
-1.10221481467117,0.830822300922668,1.14513304194434,8,10
-1.35028367125636,0.768657573761903,1.16849235223708,8,10
-1.45730278476738,0.884674468005068,1.30776180873969,8,10
-1.33886579729233,0.856395168989891,1.21571402718917,8,10
-1.26539596492279,0.746426267991067,1.24613778904337,8,10
-1.40350677058599,0.719089800432274,1.32024377147209,8,10
-1.17589915078592,0.896558478833445,1.28987283677504,8,10
-1.16417099997882,0.829598917738071,1.15525974836504,8,10
-1.3098811554204,0.925527476016539,1.34316044815667,8,10
-1.26616880638119,0.771046971022572,1.2192233493162,8,10
-1.13271363310796,0.677540865953104,1.39824565883227,8,10
-1.22137177679616,0.817700898798337,1.19345351904296,8,10
-1.36453872134457,0.695429607090229,1.07345950876833,8,10
-1.31079148234541,0.817361891454927,1.22948876025789,8,10
-1.30252532373762,0.817362265775064,1.33963881269085,8,10
-1.12386176052263,0.843027666310389,1.14138222567085,8,10
-1.24558278886526,0.620531181139546,1.31654312336803,8,10
-1.06289436499515,0.769439208962186,1.37454587048819,8,10
-1.31162428884864,0.659532517101404,1.53505059970274,8,10
-1.408667181218,0.957827242509061,1.55657167014071,8,10
-1.33501836829115,0.923868630077305,1.4458944962519,8,10
-1.37897868682936,0.742931153346029,1.37938842724126,8,10
-1.35673640767756,0.746056347410434,1.47453405585203,8,10
-1.06731275267445,0.710732987696668,1.2459015184299,8,10
-1.19627670747596,0.817793369960236,1.03405896225623,8,10
-1.27649060087582,0.647271872444644,1.41663721392758,8,10
-1.06446178910967,0.875097617901574,1.37957880040402,8,10
-1.27496578572978,0.805872907846868,1.3782662143242,8,10
-1.28221159902247,0.836553722727727,1.03300395196383,8,10
-1.30750880321018,0.644094833416062,1.35768925936986,8,10
-1.50348199568384,1.01410423709042,1.28510408004938,8,10
-1.2791130847136,0.740970593706267,1.30266595448945,8,10
-1.26193791312812,0.957042638593591,1.36497731306779,8,10
-1.30422611314299,0.865008076213039,1.34550807254157,8,10
-1.44817876556391,0.756705888345339,1.23897670069609,8,10
-1.15992610825768,0.783362136018845,1.2388603907741,8,10
-1.38013993044006,0.851197823255783,1.39997002004612,8,10
-1.18269222520887,0.760243429082391,1.47811091598216,8,10
-1.28311053842864,0.822274488737209,1.1956634538128,8,10
-1.39720919065084,0.754590336462872,1.29329064640737,8,10
-1.20476556504084,0.70857431790942,1.31785673208608,8,10
-1.34636059920414,0.88561429848559,1.19167389754416,8,10
-1.1189090974651,0.864958643386031,1.48499663546306,8,10
-1.30799617470341,0.700878706913226,1.03750344272201,8,10
-1.10081608692227,0.812035124646421,1.1300436790071,8,10
-1.12528317604252,0.907625094989565,1.33507733313587,8,10
-1.38955146248923,0.653558265142631,1.13466996456623,8,10
-1.47445399171833,0.697298373098068,1.12546672942847,8,10
-1.48503823747694,0.739887240417181,1.24149082265286,8,10
-1.25873557353364,0.961557515902857,1.44557850340255,8,10
-1.4216429661004,0.813531224354906,1.29072644476104,8,10
-1.25766702879684,0.838859711952798,1.13082622438078,8,10
-1.2390244570459,0.747660111364381,1.27913583817257,8,10
-1.28689922091342,0.784520670315671,1.33602125123553,8,10
-1.04951976392246,0.815015541032168,1.28853781026849,8,10
-1.22637254829826,0.767120433631188,1.3046882832276,8,10
-1.17556153170942,0.708120996130249,1.3119645526172,8,10
-1.27897485210698,0.792393716448609,1.36489191350291,8,10
-1.43302910117419,0.842604255299838,1.43201107563779,8,10
-1.26511657235021,0.849526007445078,1.12086016968276,8,10
-1.51121471121512,0.858765474631086,1.39412769155421,8,10
-1.25064350647378,0.883331003131876,1.39088646186224,8,10
-1.35093924845596,0.838632418901735,1.19579465057368,8,10
-1.30464841014683,0.864095766047447,1.1536694827995,8,10
-1.15442343571941,0.836118548484139,1.4965321309953,8,10
-1.49987412250958,0.920539042969113,1.24390253948578,8,10
-1.52373020335116,0.711904804520842,1.38527567428901,8,10
-1.46545329796359,0.861421404535121,1.20342392610326,8,10
-1.40314927447763,0.797605502761051,1.07703030949148,8,10
-1.30731904153657,0.901710040349326,1.27541563187129,8,10
-1.50992418425491,0.608080439380494,1.37471025577321,8,10
-1.19354403345348,1.00901365861393,1.39361672133025,8,10
-1.21983992266224,0.977875315039466,1.46848973114894,8,10
-1.31928992306476,0.887679821028485,1.27778348532312,8,10
-1.47867930224102,0.681614212767434,1.32453087096712,8,10
-1.29586925268108,0.641158378395468,1.45613157461098,8,10
-1.14073379295073,0.8042874335267,1.43391095629652,8,10
-1.4033904741909,0.925904008022743,1.03160433137435,8,10
-1.17343288531806,0.71727531649659,1.41159849557871,8,10
-1.30215782517458,0.737819515335084,1.14573562010419,8,10
-1.37324708725665,0.88179865205138,1.2714782831224,8,10
-1.33125796247512,0.769185568057547,1.07881412267555,8,10
-1.31028884175407,0.897236831762242,1.2099166966015,8,10
-1.47654243627243,0.893277928047286,1.41506565586606,8,10
-1.27429645277962,0.813901407816121,1.20196445660562,8,10
-1.14219118123136,0.893411352309324,1.1380056714469,8,10
-1.37977602702511,0.739156717777789,1.46473880393788,8,10
-1.3161920318731,0.747952063200922,1.31052986749311,8,10
-1.33446794329152,0.842314651987367,1.29463285767849,8,10
-1.43753632588431,0.760727352429759,1.17759807876702,8,10
-1.45276967176674,0.744003232698022,1.35561349576913,8,10
-1.39396794208904,0.91255198151088,1.32565742524802,8,10
-1.28847883225128,0.822146255281283,1.23401075956829,8,10
-1.52677407937633,0.784930229800673,1.34790988697997,8,10
-1.20224951544262,0.91723131686995,1.17874526808698,8,10
1.18219148398073,0.940404934696809,-0.817885082673925,9,11
1.38177683802377,0.673433366248878,-0.880151204229445,9,11
1.40745084911339,0.828351518715756,-0.605953367574235,9,11
1.24477864029631,0.812374001882788,-1.01552680558105,9,11
1.45441925334257,0.852189941661394,-0.971018109889565,9,11
1.35073187301156,0.874340896778316,-0.88894280440317,9,11
1.34143956981199,0.724987208487355,-0.698742089451085,9,11
1.41849159614504,0.933065977202642,-0.941176238770309,9,11
1.43702311836536,0.877113902466515,-0.945986379083488,9,11
1.28942375286385,0.911839105750743,-0.676592011387364,9,11
1.4613762905802,0.822832217672137,-0.815210823734375,9,11
1.51214800455407,0.798671600221682,-0.827459543199878,9,11
1.47237760747206,0.662474923884504,-0.70209021355156,9,11
1.48780517839131,0.652668451118764,-0.914795110148547,9,11
1.26067090980295,0.600284052660403,-0.679960794228488,9,11
1.32724278261508,0.773033606230086,-0.827046757475005,9,11
1.22890564439238,0.783952187603325,-0.670683332473916,9,11
1.28540855617598,0.933624186896934,-0.662875251171526,9,11
1.4878144281664,1.07562570524054,-0.673352963039477,9,11
1.4093879160702,0.720270488864413,-0.991732290271799,9,11
1.37565061695784,0.796316672982226,-0.893487771245238,9,11
1.49106786715348,0.9686901001864,-0.821262362062884,9,11
1.11260403450663,0.873238415212867,-0.743138760195085,9,11
1.48591370630892,0.910042827655742,-0.955619006123412,9,11
1.3571033351382,0.714452531093775,-0.80168701423896,9,11
1.1802596487174,0.813055423166422,-0.912102791676757,9,11
1.2892742836049,0.728855104490347,-0.74033921276175,9,11
1.3391488956753,0.854008601126949,-0.890221439578002,9,11
1.46462520902892,0.829244547875918,-0.7088403116783,9,11
1.32186926490678,0.646384860827621,-0.71556270444692,9,11
1.14956619852399,0.802239775537193,-0.627817507551112,9,11
1.34073118322939,0.854161858475669,-0.822177038706388,9,11
1.44883091734406,0.845416326237213,-0.708777455815608,9,11
1.3870954846573,0.917738581921871,-0.896307370348474,9,11
1.22224464554537,0.824253683020586,-0.906991205146566,9,11
1.24605144750697,0.572010928827042,-0.750154537779501,9,11
1.19297923997125,0.978621319505659,-0.580668580211407,9,11
1.51508103366018,0.657476057252654,-0.762340960903638,9,11
1.38466169074944,0.928302011344965,-1.06434878779246,9,11
1.20386731380366,0.926596142044488,-0.620711242769101,9,11
1.33173091287899,0.701271206546763,-0.825593887482279,9,11
1.36029963051195,0.743442252894162,-0.820545214759065,9,11
1.39007346831165,0.729165908360177,-0.678611736012512,9,11
1.23052473028119,0.870300567164572,-0.867350054746082,9,11
1.316090897741,0.86514838990675,-0.81730276486069,9,11
1.34941456295477,0.797175544070806,-0.957089534388661,9,11
1.48273166804974,0.877706707024042,-1.02987993449369,9,11
1.29579366409221,0.901116992976095,-0.723426068905663,9,11
1.32928714370529,0.726926438578213,-0.539855266324616,9,11
1.53420419178972,0.807909203763474,-0.674480262908626,9,11
1.46544671329375,0.767624140547428,-1.00849660149673,9,11
1.35530607571778,0.880315811349787,-0.88789534180219,9,11
1.41354568514792,0.801094315649235,-0.758515887021746,9,11
1.40733504096125,0.909470376173371,-0.838598506599019,9,11
1.43816077511668,0.71343862779067,-0.68353503555874,9,11
1.29519633823673,0.860132564036352,-0.69635552923939,9,11
1.39218870983468,0.966523724200769,-0.641157699034001,9,11
1.43901304977778,0.791928076173123,-0.646060207223458,9,11
1.31377520273385,0.819444359846612,-0.947099076669187,9,11
1.51452218942375,0.860200422037738,-0.821218315575943,9,11
1.4647450954773,0.852934264536391,-0.751647449963357,9,11
1.32522095717899,0.780412081399233,-0.740607529507172,9,11
1.35897971225319,0.759702907915484,-0.813460737043641,9,11
1.31550881358042,0.762925108515211,-0.865194825366123,9,11
1.3701930395931,0.769163960476016,-0.854356073100447,9,11
1.35890609373976,0.826766414548472,-0.869960988371196,9,11
1.4322235165239,0.695257280187229,-0.649055415744731,9,11
1.39832540545026,0.891596364937653,-0.621575336809971,9,11
1.17627553191537,0.860848830436329,-0.798041182182501,9,11
1.38622605686455,0.77165624852079,-0.639995699264409,9,11
1.29233896703306,0.916238493778919,-0.767921341979919,9,11
1.29358437425932,0.873734102925587,-0.787770452066434,9,11
1.38831481395213,0.968947560435996,-0.813884415647534,9,11
1.31720917333873,0.893573470332974,-0.606581103991032,9,11
1.24058729176051,0.817232079199011,-0.809786078461059,9,11
1.37402519587278,0.940120460331655,-0.996434078411894,9,11
1.31230914510723,0.651046417971365,-0.869506565072011,9,11
1.4259860044117,0.706419600181872,-0.873553540313594,9,11
1.32635310994572,0.936238826682404,-0.754438119333699,9,11
1.20312627784958,0.735602195507743,-0.824227352896445,9,11
1.29921236678405,0.684398350982377,-0.883924131087177,9,11
1.37019997009994,0.803054027865932,-0.928851649551492,9,11
1.37976312321181,0.756903473383261,-0.929697607351237,9,11
1.36878693929718,0.923128482175643,-0.894679772550814,9,11
1.49705718395349,0.876783418042289,-0.857278118738877,9,11
1.4673799404659,0.848925875155688,-0.974801521791685,9,11
1.32748929499131,0.823616132735307,-0.887908052283091,9,11
1.30365729083825,0.938674454430219,-0.728133733823642,9,11
1.32568164414338,0.855255046810982,-0.905250404788179,9,11
1.40584504778016,0.751673757262131,-0.558055993614471,9,11
1.55097710112997,0.712345100629349,-0.767580286795523,9,11
1.32398014093975,0.690680491350088,-0.693363405312016,9,11
1.33153590493076,0.836043510088319,-0.816565241651145,9,11
1.4072562341206,1.06311365459368,-0.855147115761194,9,11
1.40038059250721,0.710730539207317,-0.622131547281886,9,11
1.31951603585188,0.890769535154769,-0.634265371082748,9,11
1.44523535982501,0.827206113560297,-0.720875698843981,9,11
1.48614955738946,1.01320512138217,-0.68358728863208,9,11
1.41023280237236,0.754521332525144,-0.896674889365972,9,11
1.38756046835753,0.543990594283152,-0.679294682952413,9,11
1.56401320075813,0.934757215993737,-0.849954021837425,9,11
1.23834516860992,0.886883024275645,-0.846891590160022,9,11
1.54434432997327,0.756337168822834,-0.927508308205393,9,11
1.37795791359821,0.853341085853135,-0.595049547690401,9,11
1.31874012991508,0.832667028654866,-0.972079909059096,9,11
1.24122673705468,0.795848415223193,-0.73418466787863,9,11
1.32624779391139,0.795044125811917,-0.862983314041183,9,11
1.24939404303421,0.630787595113959,-0.781919516309936,9,11
1.23577357281952,0.84014044229445,-0.780286413463482,9,11
1.20809003479657,0.647192449401618,-0.734880943232492,9,11
1.28209046039167,0.961756730502274,-0.888912352346886,9,11
1.34929165425627,0.7327280472252,-0.75139687311822,9,11
1.28728159897303,0.586214719983535,-0.926631982114576,9,11
1.41698997166854,0.70464545777514,-0.683751293508172,9,11
1.33225815415754,0.91975669545267,-0.848829586000326,9,11
1.28371526778723,0.692175123022557,-0.719656435564874,9,11
1.55119823539592,0.664850924801898,-0.739629655367577,9,11
1.40438176658896,0.806182105912042,-0.680850643741057,9,11
1.58755144565117,0.988986326730617,-0.810844018798646,9,11
1.26085357606476,0.814883458059553,-0.914484526894964,9,11
1.36227969758529,0.880886966752106,-0.794739826527351,9,11
1.3027284896393,0.756794777272968,-0.791263906860516,9,11
1.43524376291679,0.714346413615501,-1.05600999599873,9,11
1.12178927977792,0.932781105317116,-0.880943309976284,9,11
1.28902253386743,0.698365209976847,-0.673786316062767,9,11
1.47654400620184,0.903654145715211,-0.793026387011765,9,11
1.25939668126896,0.87909516816373,-0.913662070523828,9,11
1.27738172625314,0.808652941849859,-0.669910020372423,9,11
1.31147170323031,0.708191759354641,-0.714081366875494,9,11
1.23579225049301,0.762031850358745,-0.833690217501586,9,11
1.34074049548437,0.881217250952683,-0.712876482517531,9,11
1.36111346621972,0.7313028351766,-0.717728755806329,9,11
1.06886993080481,0.842913271344861,-0.710323488737168,9,11
1.51262377325155,0.778821968402156,-0.997382841554623,9,11
1.2047217026171,0.866424610411316,-0.716817431507439,9,11
1.30940982544427,0.790167458459637,-0.625269498576788,9,11
1.24083968606692,0.652567076795535,-0.814529549232789,9,11
1.48362756458302,0.813492476766703,-0.891703790076651,9,11
1.24422415841087,0.874956897467073,-0.819384746452846,9,11
1.35041802560115,0.781418384922585,-0.868105931318299,9,11
1.51829160505126,0.864479615697838,-0.931030748775318,9,11
1.45349627803999,0.801973179383562,-0.65761238578368,9,11
1.47896628100008,0.998920165738149,-0.982182803543416,9,11
1.31150053061864,0.789919909942874,-0.608098487760031,9,11
1.21691690833032,0.838445425959422,-0.810629765190379,9,11
1.37918257011276,0.78590114355064,-0.811726503351416,9,11
1.56279617253734,0.932541190342497,-0.776757341713006,9,11
1.26135650386951,0.690089850415166,-0.766047748181727,9,11
1.40703159905554,0.632677992993333,-0.727143628929472,9,11
1.39218081266933,0.775669221180558,-0.850567757581572,9,11
1.33594060605018,0.831075509379585,-1.03357790416408,9,11
1.20072621485413,0.72618931476703,-0.624402594281525,9,11
1.4334187882283,0.850084180040459,-0.854271193565384,9,11
1.4053306830507,1.00892780239953,-0.673794547745737,9,11
1.35588263752564,0.804538921942104,-0.540841063840723,9,11
1.3750530347433,0.836638904898008,-0.560325075205912,9,11
1.48469027321594,0.859298142471691,-0.784604523568883,9,11
1.62947295856868,0.830509578849959,-0.709509474066008,9,11
1.2131597641507,0.877929286217262,-0.77760602090957,9,11
1.2327056422713,0.803588348409148,-0.878584229724685,9,11
1.24757327223254,0.693635250247282,-0.704727127194249,9,11
1.44186092518785,0.896110739870408,-0.865244014531769,9,11
1.33678587992024,0.780946595894576,-0.836221907095727,9,11
1.46141665541304,0.764037331759594,-0.793326061618562,9,11
1.45375009229389,0.857572363697709,-0.901002208751457,9,11
1.39824155374708,0.836230598693923,-0.752863958442034,9,11
1.48912248793484,0.968720455830134,-0.712776199319911,9,11
1.37526503064579,0.705094599067399,-0.680500871507897,9,11
1.42223935556488,0.813599734261209,-0.987104916236896,9,11
1.49789261041622,0.805510278037652,-0.632858486658488,9,11
1.39166047678033,0.927677098590505,-0.852446031674924,9,11
1.33235362823341,0.807015748202655,-0.785746953513842,9,11
1.35362942853595,0.796363635227097,-0.795290408717251,9,11
1.37083124079923,0.808209724501499,-1.03240135006474,9,11
1.41324924432813,0.690905398591635,-0.746743773510593,9,11
1.46449675371825,0.750774827879679,-0.737072350079374,9,11
1.38315864104729,0.771709768939249,-0.775079933247926,9,11
1.32162432467795,0.810393154042851,-0.828530692879718,9,11
1.20322465908392,0.821620145984278,-0.842903844154678,9,11
1.29016177704145,0.863977547393711,-0.726587855260064,9,11
1.28153260169783,0.745370049490578,-0.874356713085869,9,11
1.37398776445364,0.779277979433604,-0.82519869440788,9,11
1.33816718274822,0.689014208764719,-0.737681195368067,9,11
1.37117564840846,0.806953152147639,-0.730250778227106,9,11
1.32166924972122,0.831017733481918,-0.935180177298019,9,11
1.35152815966722,1.0601262252194,-0.669111568296294,9,11
1.38359220552521,0.726488003775597,-0.859557492734665,9,11
1.3526410422251,0.75133351583306,-0.656118053661252,9,11
1.29030403127083,0.96177610547768,-0.977652302673331,9,11
1.46020408096115,0.876587204825116,-0.803745980852416,9,11
1.38443804374542,0.851800166674647,-0.909495441189937,9,11
1.436981534155,0.884235883331914,-0.642416447131262,9,11
1.46307973086375,0.657365410352579,-0.739155309775155,9,11
1.34297487398289,0.840956207710161,-0.862810062029722,9,11
1.39878947695964,0.789018907614789,-0.536074068420442,9,11
1.51829749725028,0.911078517507781,-0.908111562450509,9,11
1.36940232827852,0.561547442315404,-0.782805468094223,9,11
1.31813884687832,0.723518355970836,-0.741166443298729,9,11
1.36584802791888,0.942372815055205,-1.03149164548336,9,11
1.26579241564518,0.93728251239188,-0.813402831586239,9,11
1.29729171245267,0.825370739051564,-0.809885371233214,9,11
1.29451144452022,0.844203629511431,-0.851028600951149,9,11
1.28496053839621,0.956427803013937,-0.911658038861737,9,11
1.28810871678635,0.880664141858488,-0.962275121571646,9,11
1.34408845832204,0.786220809436553,-0.700278606691526,9,11
1.28415132686082,0.929023592410781,-0.784783327553506,9,11
1.2702356702639,0.813014429738818,-0.797734652386418,9,11
1.52072455376898,0.858850456440486,-0.625582212144083,9,11
1.45781823888154,0.635206340693526,-0.908781528431198,9,11
1.34959111331441,0.791566921264763,-0.886183623142382,9,11
1.3171692924615,1.11785198889165,-0.737121952090123,9,11
1.51764372218839,0.77704293693676,-0.846881829098463,9,11
1.28828006192643,0.848269600098863,-0.652013129825132,9,11
1.3728726342905,0.673125802754528,-0.893217888593381,9,11
1.25537718060218,0.699999545867407,-0.905120419446367,9,11
1.34676920596598,0.624290444292818,-0.774230786495103,9,11
1.1303136118839,1.02772708664077,-0.788805699651876,9,11
1.44114998850303,0.773893606135933,-0.805883484105643,9,11
1.56418947956462,0.781532820866634,-0.603743041853405,9,11
1.33735542835624,0.990945480661171,-0.722609126949674,9,11
1.18534899438873,0.780986978860487,-0.803449703340182,9,11
1.28636451615854,0.667363712485311,-1.02922271252926,9,11
1.48435550465564,0.833107922832371,-0.629372910847218,9,11
1.30982620389757,0.770277112721088,-0.64041820732401,9,11
1.19440781533335,0.667307663283725,-0.77347979822117,9,11
1.44112040283608,0.776426335126494,-0.605148324734289,9,11
1.36073779642682,0.75798785541632,-0.828278286008796,9,11
1.20475620206825,0.908199770595109,-0.641850186638934,9,11
1.49058804583097,0.732245154234087,-0.62611322557586,9,11
1.41612542686417,0.956530821252142,-0.826388153480165,9,11
1.35638240945179,0.776881877096695,-1.02426601641358,9,11
1.23372538835704,0.555451641474519,-0.820465730759079,9,11
1.47794358978786,0.860813306669585,-1.06881793902236,9,11
1.56524184817464,0.942171374015454,-0.850620168003206,9,11
1.29371266002873,0.886922699870919,-0.64403222353769,9,11
1.33951793148094,0.615778820737825,-0.996738272953612,9,11
1.28192394740534,0.986209851611202,-0.780205340237797,9,11
1.38100396876656,0.791243260246262,-1.01555705334957,9,11
1.43979370563511,0.996206565507879,-0.884118457837801,9,11
1.4924010055299,0.830911480564081,-0.862709087557955,9,11
1.3456685825973,0.883362215265535,-0.862452200870326,9,11
1.23335553488072,0.92984499385542,-0.810342447848129,9,11
1.47541228141124,0.571912412811164,-0.8324051269312,9,11
1.2644433870621,0.817567071621635,-0.729660733352813,9,11
1.40479346871669,0.793516382327416,-0.920099135316763,9,11
1.37247384158347,0.794880354319363,-0.513828748879026,9,11
1.15485983280907,0.88952982125811,-0.853029425352396,9,11
1.44065756212488,0.793653724009916,-0.958764018043754,9,11
1.3165006967274,0.769072186065707,-0.788562820569324,9,11
1.47231499474983,0.837909190777889,-0.864686553807924,9,11
1.36265380965718,0.650655409138048,-0.766153332507584,9,11
1.39064419453816,0.929342907588532,-0.880668839199073,9,11
1.24571990754026,0.84445128040069,-0.811781737386613,9,11
1.55441126755885,0.89308693954363,-0.956726167726788,9,11
1.59624393463041,0.89773243521866,-0.635298321580785,9,11
1.27855224642499,0.896480803131747,-0.74417744913447,9,11
1.14003415491682,0.992646464176763,-0.801638199881219,9,11
1.34154091393534,0.827227729929998,-0.950158542182124,9,11
1.39985645615308,0.749141591379907,-0.959569269142654,9,11
1.21220711863493,0.768465124015043,-0.81509765103813,9,11
1.42404367873848,0.866317064332781,-0.631241275694324,9,11
1.31742329742689,0.917480521711027,-0.741313816783327,9,11
1.41492500993014,0.812381207041112,-0.758606375786295,9,11
1.22222779122932,0.630111695310512,-0.787344345417443,9,11
1.57581918856737,0.854744952181269,-0.801136482679471,9,11
1.23927609455392,0.889266296418128,-0.804365761056249,9,11
1.38065184738003,0.710420489750666,-0.694529591785056,9,11
1.27207141046511,0.803902745975553,-0.601960262918477,9,11
1.43236385312901,0.789381741624469,-0.700448634058837,9,11
1.30794391298526,0.926579082355603,-0.763643856949443,9,11
1.44747129859393,0.670184149498381,-0.726765934957934,9,11
1.30449690011899,0.79885201716964,-0.870097622852154,9,11
1.53025359087661,0.816860665231611,-1.00070320082922,9,11
1.42324464568232,0.797312007134164,-0.806300200537898,9,11
1.3114936923098,0.950683232178949,-0.791834245936843,9,11
1.15479971762328,0.79491057633574,-0.753539010674263,9,11
1.55305225520747,1.03268738404181,-0.773192560921777,9,11
1.43785204795133,0.934750498981289,-0.76486151691506,9,11
1.46704873969022,0.820387151287828,-0.814394042815137,9,11
1.32288916124488,1.00286199779324,-0.977821041918437,9,11
1.18591547646061,1.02980739135625,-0.899549926078946,9,11
1.27126523922209,0.793312443833601,-0.831065764702028,9,11
1.24417876709777,1.01024340934706,-0.760363038435186,9,11
1.19802360197935,1.05654819921886,-0.835858962858081,9,11
1.21749184896258,0.941389622645221,-0.71483639853274,9,11
1.27503915678696,0.824352396036903,-0.876784818446716,9,11
1.46655723885658,0.645631246491999,-0.792268356124468,9,11
1.24767541280945,0.91654426455348,-0.846756738044499,9,11
1.2687730523865,0.806677320456605,-0.665796973600392,9,11
1.14770308962783,0.700812609820004,-0.762885045673037,9,11
1.35105660876344,0.9733316121902,-0.621686696486515,9,11
1.38463191678292,0.842984842418445,-0.674012307151104,9,11
1.45815813965959,0.712512197967736,-0.957648506695675,9,11
1.21769420544414,0.671942823207318,-0.738325131841384,9,11
1.26471678314054,0.704926688706677,-0.858778030000285,9,11
1.24514342475351,0.908451933877292,-0.774432310566993,9,11
1.39101905048188,0.907716706116611,-0.690729893235788,9,11
1.37739664109489,0.930869523065644,-0.839470883999949,9,11
1.3804669324684,0.730560056244662,-0.67401814666188,9,11
1.28654637017694,1.03063111173808,-0.707919422565776,9,11
1.35729343613159,0.73240745235061,-0.987999240655019,9,11
1.37668246408901,0.848516101007751,-0.656099452251084,9,11
1.37447959356747,0.661742709804511,-0.695535625590035,9,11
1.26064563775807,0.740299031109557,-0.736440413732595,9,11
1.4124713162148,1.04503788994121,-0.987313003383889,9,11
1.52121460058874,0.78189078030416,-0.653879017089599,9,11
1.2464433671178,0.842001547130931,-0.640644406768673,9,11
1.51990788257164,0.717610558242081,-0.870733917043726,9,11
1.38325770093778,0.866035346630005,-0.979752603667001,9,11
1.43268598872843,0.949048957332084,-0.778102495111367,9,11
1.48011747160817,0.771794326840846,-0.759329211594996,9,11
1.43064663071978,0.952671103975003,-0.856210722264769,9,11
1.29494088099951,0.929312661504908,-0.594600412664861,9,11
1.36153461235045,0.83323180477033,-0.998576211894077,9,11
1.31805392543784,0.686124511793899,-0.902771409714111,9,11
1.55513957050149,0.827356584538825,-0.773999615056213,9,11
1.11627861083304,0.766202229595519,-0.661014548691589,9,11
1.17466844428424,0.760669740425932,-0.55873180053784,9,11
1.49130482641685,0.863565454427046,-0.803831737911055,9,11
1.36601037243743,0.825248327508909,-0.821655712468058,9,11
1.32855591389457,0.782652447954072,-1.04083307676908,9,11
1.27007106455228,0.763749145840138,-0.952076963360621,9,11
1.35329562619727,0.894390331191832,-0.854519389962525,9,11
1.28499781002302,0.917424042164382,-0.940043113137019,9,11
1.4331215799319,1.07558901363208,-0.817576458028758,9,11
1.2939217129455,0.568808618994951,-0.675445574761274,9,11
1.45040322019968,0.71915737584805,-0.791004149847524,9,11
1.30991627901986,0.717080038898756,-0.70927537437614,9,11
1.36660264128401,0.859542294359056,-0.792040598165387,9,11
1.49233384365673,0.774445069259581,-0.786742192190874,9,11
1.40927863757332,0.982302163461722,-0.611870959517074,9,11
1.16480126009316,0.919849121681693,-0.659976430320287,9,11
1.32839242675489,0.948558483087056,-0.677370473582736,9,11
1.22630410815284,0.756948403478732,-0.970472777239028,9,11
1.41092648461794,0.975871227270816,-0.895887425521028,9,11
1.2355750188208,0.705976401105544,-0.534358385793177,9,11
1.35192373865658,0.741551522956927,-0.706644144470104,9,11
1.18258275459641,0.878188353328171,-0.839314526385155,9,11
1.18297368316565,0.856706842326533,-0.937654270002331,9,11
1.43310837192462,0.828007980446758,-0.662388352652263,9,11
1.36882505965137,0.864511443323758,-0.874234126578532,9,11
1.33026827682472,0.702030732868226,-0.766591351230531,9,11
1.37336953086439,1.01980723256306,-0.661234348589838,9,11
1.23567521174527,0.69815964105377,-0.991572960766882,9,11
1.2821374106893,0.827335333658627,-0.862275368729161,9,11
1.17131406451466,0.622685329640928,-0.752665185377636,9,11
1.44161522541676,0.85419326576088,-0.522301566885362,9,11
1.45058364328768,0.669299386228441,-0.66487517845587,9,11
1.28235072056288,0.780363772460164,-0.80268493660267,9,11
1.39109743679601,0.938770690645089,-0.812557510842241,9,11
1.38760671519628,0.701523776963883,-0.778042256207576,9,11
1.55130329198695,0.825361499076763,-0.704397313853204,9,11
1.381147208539,0.8615297242001,-0.685268786430488,9,11
1.43202771494489,0.7977508867751,-0.814643065286886,9,11
1.32680966884268,0.909255341792829,-0.631292023935978,9,11
1.14906541761037,0.821775098445306,-0.792648315145932,9,11
1.36807332854446,0.852002952673465,-0.675048682211599,9,11
1.42557522071859,0.657339988682377,-0.87680306809918,9,11
1.32899444732578,1.06539642272849,-0.611776438939194,9,11
1.09080764220731,0.76856996763303,-0.8266825060798,9,11
1.3986668097793,0.823172525818357,-0.88849822537384,9,11
1.48125688654709,0.85555994495894,-0.891930084261564,9,11
1.29564293615083,0.907091081563383,-0.75606165537002,9,11
1.44254824280683,0.83342501109154,-0.728761899746783,9,11
1.21363402820698,0.767979556797057,-0.766574353970572,9,11
1.40713627951727,0.760097722659421,-0.686392724953576,9,11
1.20498707028274,0.949669743945759,-0.869844735685936,9,11
1.37974091281433,0.964724339047725,-0.671886700721187,9,11
1.18876070362892,0.828044549148229,-0.769979442284084,9,11
1.40262091239133,0.985574205770842,-0.925373633643093,9,11
1.42718635183215,0.741924430654583,-0.721091951636315,9,11
1.25680421124596,0.63463620546317,-0.903128234937014,9,11
1.33876256524642,0.933775703452509,-0.641025743501464,9,11
1.24167425809747,0.887510521665105,-0.619645902382225,9,11
1.55645103506926,0.685366950638007,-0.695883470206563,9,11
1.42459927115215,0.697080051216495,-0.703768412418096,9,11
1.25410198890408,0.837416038381534,-0.888649293059081,9,11
1.54207147087854,0.661297410416374,-0.918756932598929,9,11
1.47795125354912,0.792491789716863,-0.900234086529945,9,11
1.35381688506028,0.923616560174999,-0.650785826997219,9,11
1.40424045507038,0.722862778127414,-0.792255857736659,9,11
1.38484038973494,0.872104268141078,-1.09941392012982,9,11
1.37338763261676,0.790000214044327,-0.893783736052362,9,11
1.24148550718821,0.974343706391828,-0.741562851186094,9,11
1.42930217610544,0.799801492476289,-1.02922380591754,9,11
1.25528204401717,0.889758546246665,-0.671365966431481,9,11
1.51129095517368,0.692402398198726,-0.722811746228831,9,11
1.4076892234303,0.796911972025544,-0.605799437812897,9,11
1.37893820772621,0.884517470770244,-0.704068926377226,9,11
1.30215831398809,0.91581582477764,-0.633688666624864,9,11
1.61119788331874,0.841437114539001,-0.805228843077579,9,11
1.43247521508445,0.849906683795582,-0.657187069082283,9,11
1.24056850026909,0.946162589088938,-0.812293362599844,9,11
1.33308345416995,0.977661493631582,-0.750144485109379,9,11
1.40139006588808,0.808721800029539,-1.01912621809951,9,11
1.24350527097487,0.916149759066069,-0.790073799120062,9,11
1.49276709018178,0.648678609475387,-0.805451450997571,9,11
1.44897673184539,1.00481932322427,-0.722610139830404,9,11
1.26226889374061,0.931088339996186,-0.763444763918444,9,11
1.21728790876431,0.83519105600436,-0.622134503769951,9,11
1.64129551693966,0.782781989248273,-0.727084557909782,9,11
1.32426167437055,0.826960922607086,-0.938776282168815,9,11
1.51209334751218,0.689841469978961,-0.860853307397208,9,11
1.49426785939956,0.92867218773226,-0.969546946709328,9,11
1.37481318890937,0.761376378337049,-0.784036348445323,9,11
1.25192632835405,0.998549314635535,-0.899890827060507,9,11
1.22454052623339,1.05538412519943,-0.846728480100474,9,11
1.31760914262738,0.618653457178809,-0.718042274573593,9,11
1.45880614539545,0.817426248542651,-0.946560291256752,9,11
1.31588889107347,0.602507064097218,-0.647809007654945,9,11
1.29670186922376,0.688974554392225,-0.834641399816688,9,11
1.42155172514306,0.996671340359594,-0.885954559172139,9,11
1.53374741741636,0.992988726159602,-0.889553280029314,9,11
1.29879230292403,0.829112799507094,-0.867920512995932,9,11
1.46837098087256,0.786024875029287,-0.787760207666561,9,11
1.38091952508385,0.66637694553951,-0.932994933327628,9,11
1.4638759362876,0.949165117126556,-0.980099596334695,9,11
1.34215225045275,0.583285084515201,-0.713488175016504,9,11
1.4458500475813,1.09468222113174,-0.797929858270393,9,11
1.25399602102812,0.945687792073469,-0.7080719253341,9,11
1.41015937770117,0.703311418113015,-0.69045219122542,9,11
1.21065296152609,0.751398740761178,-0.741907312112839,9,11
1.49625543262492,0.750252447779233,-0.680280021746654,9,11
1.29740291567624,0.918189753572471,-0.753958076363752,9,11
1.34640773157907,0.813589101629635,-0.730499033585546,9,11
1.30228643964531,0.778322782497044,-0.732032039657436,9,11
1.18801718762859,0.832551263598616,-0.784059970159599,9,11
1.37642990878623,0.934117447720591,-0.708232874059614,9,11
1.11384433626467,0.895189038929729,-0.657867246140519,9,11
1.14596068879932,0.869336419870712,-0.588928943216182,9,11
1.36789921934519,0.916573044574738,-0.740276401706741,9,11
1.25963120619207,0.691802588146024,-0.909105196359825,9,11
1.40543642142612,0.743029667228762,-0.722255318191519,9,11
1.45021366712155,0.850043307134446,-0.826978838448332,9,11
1.13694992979178,0.940700587476027,-0.679719796652851,9,11
1.37497939199572,0.970467888190793,-0.749800084632038,9,11
1.35955688242962,0.97372982584887,-0.553880107436624,9,11
1.27971941319772,0.79112984303195,-0.605953998107163,9,11
1.35202401157449,0.825684997880376,-0.684130426710498,9,11
1.34977340572452,0.713380472405012,-0.938230319575706,9,11
1.46154335695422,0.750314550418654,-0.908288809261165,9,11
1.25938860849433,0.62535617636781,-0.764014179107412,9,11
1.34582958090001,0.935173138537051,-0.788801113299714,9,11
1.39835832666059,0.874374721780566,-0.812812079102629,9,11
1.34079340519618,0.960175772616312,-0.758669431217059,9,11
1.30391656737063,0.833266516986022,-0.64517595008977,9,11
1.26132996215948,0.965409123015184,-0.768793618263859,9,11
1.41618618054265,0.615495755921793,-0.744514826873689,9,11
1.44219157123178,0.822455802499808,-0.938991701540575,9,11
1.33908192015849,0.672896589498377,-0.926228691284254,9,11
1.39228313929138,0.788946387584308,-0.964748515531959,9,11
1.41972312657085,0.583613415084455,-0.792975270661494,9,11
1.34298366005171,0.856014371556113,-0.613971522792611,9,11
1.3602594780198,0.871972015273169,-0.855386376926988,9,11
1.38571910443386,1.00038177927114,-0.769127115630628,9,11
1.47420660318019,0.853283535628647,-0.762510737877134,9,11
1.30424821795662,0.867437708095223,-0.667159072530692,9,11
1.42621484747721,0.873822893457382,-0.666819214400385,9,11
1.26617371783006,0.766583015262497,-0.960971989022999,9,11
1.30735372098892,0.789242660514289,-0.71614747306987,9,11
1.29241297890958,0.651623200830886,-0.720109322981317,9,11
0.679903731542119,-1.32533777463467,-0.352525820079416,10,12
0.715548657065369,-1.35982024669099,-0.350597020901311,10,12
0.854198777652675,-1.39236207697451,-0.425091769031358,10,12
0.74028137422631,-1.24621747285844,-0.505721003844329,10,12
0.713844698924563,-1.24612904408017,-0.425367608296969,10,12
0.885233796792159,-1.1718909235357,-0.4702574156465,10,12
0.743139961346679,-1.47096678483288,-0.363211501515904,10,12
0.77473657800009,-1.30602779835539,-0.299282684846038,10,12
0.735445672007446,-1.10067484160365,-0.503421856375193,10,12
0.760018766591252,-1.21007958869326,-0.397826190942556,10,12
0.672783717614204,-1.41811095899216,-0.401980670975914,10,12
0.953819318854223,-1.48122603951638,-0.447121473528976,10,12
0.856297381809329,-1.27569067670638,-0.526001263709232,10,12
0.826158810632427,-1.44317365262356,-0.464443645684366,10,12
0.665152988468888,-1.32670628094944,-0.458682500029616,10,12
0.832896662504622,-1.40193719786004,-0.48018350776246,10,12
0.671446417386041,-1.45598255964538,-0.436319271718099,10,12
0.842499188843802,-1.22873451444261,-0.273208249586075,10,12
0.804939341965756,-1.3707901804701,-0.347528485891568,10,12
0.923259550967719,-1.32447964683701,-0.253115777008458,10,12
0.73347748839384,-1.1661738097328,-0.338009583799517,10,12
0.61927020827845,-1.2036875870235,-0.382738306382177,10,12
0.992686464880328,-1.36758381555173,-0.35009027410156,10,12
0.871227110174978,-1.46288699625361,-0.613051241520717,10,12
0.683154548998595,-1.22880584084048,-0.399240371036838,10,12
0.848749358703146,-1.3602802250684,-0.443754743829258,10,12
0.711086690158664,-1.5631070600488,-0.274913985314634,10,12
0.907603341544592,-1.24228907401503,-0.569940037781225,10,12
0.728006397155522,-1.05771961114941,-0.265474632913302,10,12
0.670488800780253,-1.17768044976475,-0.220098088227889,10,12
0.877903375552024,-1.27080919748807,-0.418242284315867,10,12
0.721424744270459,-1.4635496512181,-0.246942230559696,10,12
0.835328624757749,-1.33113773331816,-0.310817434306394,10,12
0.917713428206121,-1.28562549451774,-0.440208039231422,10,12
0.762616782351047,-1.34702286129932,-0.618839201469819,10,12
0.675034428107163,-1.24711253418151,-0.410700011455361,10,12
0.703190630110844,-1.18005194618524,-0.48574327741521,10,12
0.722483963918564,-1.5177056370191,-0.473655998280776,10,12
0.557669338199911,-1.33258071607852,-0.226201413350662,10,12
0.734065118236201,-1.39017904277292,-0.42969252387701,10,12
0.773285633270256,-1.28960797228815,-0.295589961268677,10,12
0.805706078216404,-1.42076013734751,-0.378431824768588,10,12
0.739326130908696,-1.44802600294025,-0.547867824335245,10,12
0.792284110826388,-1.39847285004105,-0.428075523604813,10,12
0.728631162565769,-1.32220381803707,-0.58548268146591,10,12
0.934390380363803,-1.39787438211333,-0.533957113880088,10,12
0.950455060677868,-1.31362664080054,-0.394176869684336,10,12
0.682570288165085,-1.30850111562735,-0.218568213556588,10,12
0.70167711827087,-1.25344375374951,-0.300221751671458,10,12
0.826088917840071,-1.53558362552929,-0.159206721453878,10,12
0.819123436205271,-1.38818819893315,-0.127663544842157,10,12
0.764334958573037,-1.16514527541157,-0.275037350182401,10,12
0.87143093254443,-1.21726850563416,-0.34237733577235,10,12
0.853880399127227,-1.29818197945249,-0.589240443066209,10,12
0.68672729808938,-1.26094007029543,-0.352730533483076,10,12
0.732276975792126,-1.37561120622103,-0.372043677870628,10,12
0.924142149057006,-1.41321068004389,-0.348408151904733,10,12
0.670546564372662,-1.2334808528401,-0.450740144499072,10,12
0.811643927616859,-1.32987959083564,-0.295420488979755,10,12
0.602247388539662,-1.51153549443752,-0.30982092411599,10,12
0.679927894412362,-1.32115998711366,-0.503641509339662,10,12
0.93725399831227,-1.41011572143174,-0.487345359010187,10,12
0.809275519917783,-1.65146206657409,-0.345257893492944,10,12
0.612211680119813,-1.27648516985506,-0.346416586107172,10,12
0.995129624817339,-1.36207206782138,-0.478841159637046,10,12
0.892408878298538,-1.44160888432419,-0.457379917159286,10,12
0.606224854122504,-1.52359506323836,-0.374038764475587,10,12
0.75692189749273,-1.38484604283343,-0.337664675493802,10,12
0.761566567164017,-1.32242865514105,-0.443761884074842,10,12
0.831897384897971,-1.41168191325319,-0.241428270784704,10,12
0.867896409778599,-1.20145914762938,-0.486615297295066,10,12
1.0785754744037,-1.31150015307306,-0.416553393320877,10,12
0.609549942624731,-1.20035856900464,-0.440145595511029,10,12
0.762179752952247,-1.23506670109782,-0.45226899252994,10,12
0.783918412318553,-1.35123954333694,-0.597005633770949,10,12
0.715599722598175,-1.30454635425703,-0.435010822434199,10,12
0.896496784155275,-1.16568894610218,-0.325746858175533,10,12
0.86657386442805,-1.58254544704278,-0.529256463432758,10,12
0.733497118190992,-1.43854253619379,-0.604281952082139,10,12
0.78065464006905,-1.31892202263824,-0.24329642934766,10,12
0.745273727867085,-1.10566706671263,-0.23467906476503,10,12
0.596045175633646,-1.54332388707182,-0.395902717665776,10,12
0.861093176038497,-1.08996928509135,-0.243378185487384,10,12
0.852761851500658,-1.38777694657629,-0.445188458398591,10,12
0.838785655531904,-1.42560068970953,-0.427093831357705,10,12
0.803593212952658,-1.43186184223091,-0.279945698552079,10,12
0.690154979133479,-1.33019713174138,-0.438465199585022,10,12
0.675296583681736,-1.31787039296138,-0.38031793423209,10,12
0.772785417277814,-1.21032967168507,-0.341349803574927,10,12
0.667076799055472,-1.42717997792575,-0.232250810550213,10,12
0.945643732746235,-1.29044470552813,-0.294039124862398,10,12
0.751268997638014,-1.48221896955625,-0.41866484980211,10,12
0.795412409798586,-1.12739791229918,-0.527696551271988,10,12
0.856918187198655,-1.23569970137345,-0.464182998015745,10,12
0.944237206772549,-1.47068542435999,-0.514139949675269,10,12
0.879133539289405,-1.53833142058786,-0.303340694804109,10,12
0.818666925834469,-1.36059530844154,-0.272465406952648,10,12
0.806103226691855,-1.1755230580712,-0.344634572837746,10,12
0.739754356941117,-1.24047293797184,-0.339043075587042,10,12
0.756593080593638,-1.32038380234449,-0.223713422505892,10,12
0.798685260147062,-1.23178228182363,-0.29634802904568,10,12
0.779997145298598,-1.41459850407539,-0.508223153067846,10,12
0.65014550828882,-1.44778933967372,-0.420195757064494,10,12
0.877488852084807,-1.31705330684008,-0.427931554615706,10,12
0.845602050277941,-1.29992055815663,-0.132297333264001,10,12
0.6492022816634,-1.35049501226753,-0.257924516822047,10,12
0.780578701550006,-1.44415639445197,-0.300878258182954,10,12
0.804773603165885,-1.34336807571696,-0.267035563237659,10,12
0.648541893376637,-1.4434111836439,-0.161928018159563,10,12
0.764790331684428,-1.19621288833202,-0.492001041182579,10,12
0.613832069989326,-1.43027471035624,-0.162446535452966,10,12
0.71980383596125,-1.46479656593355,-0.570100444760216,10,12
0.840384601107099,-1.29695888573139,-0.443157753351187,10,12
0.732990660522568,-1.20857302954623,-0.354281819685231,10,12
0.859619938156016,-1.28727804518899,-0.532008402460472,10,12
1.00579015253761,-1.2881227200707,-0.355885740401273,10,12
0.915495085792554,-1.40998276125968,-0.645403773505996,10,12
0.663288618193388,-1.30191501952913,-0.334012670970347,10,12
0.661141332445473,-1.37880504827341,-0.548232020260078,10,12
0.84513006125096,-1.25015059999531,-0.327042501861158,10,12
0.940977896902124,-1.25254512239883,-0.43924366152846,10,12
0.761782405994802,-1.26396867434063,-0.394225303542874,10,12
0.853949294676161,-1.31409969461392,-0.499517615540475,10,12
0.586759255521365,-1.26664840645046,-0.488632246038881,10,12
0.858115609568944,-1.23434170705855,-0.330503066539408,10,12
0.882655565510122,-1.16000939077502,-0.387197376111393,10,12
0.811385879688363,-1.30883168896971,-0.349804112340218,10,12
0.659517319549035,-1.57459162547514,-0.270260110281078,10,12
0.884068294009646,-1.40979865226616,-0.441463435926344,10,12
0.773036915037164,-1.24642035024269,-0.408835142321069,10,12
0.785103366229383,-1.59775582724528,-0.291893896096818,10,12
0.820210925655821,-1.46820109296118,-0.472429215044032,10,12
0.751528208336219,-1.37595486254279,-0.29714503410694,10,12
0.729992854708393,-1.29943054610915,-0.465301497456754,10,12
0.807335734027105,-1.32067240455648,-0.159763495411591,10,12
0.855497658033173,-1.31388558161321,-0.323181316884444,10,12
0.793875877109234,-1.4098297312463,-0.609080469089543,10,12
0.867729399266026,-1.29518646621393,-0.44450279065721,10,12
0.894051656256895,-1.2648131032516,-0.166973496792196,10,12
0.728871103293141,-1.2994353845221,-0.470960240154267,10,12
0.687993437312043,-1.32871204007898,-0.386623359603361,10,12
0.799199643972396,-1.20262172575585,-0.475179985689608,10,12
0.909754137480539,-1.08326917112942,-0.279038445951854,10,12
0.73416222946188,-1.36031457939258,-0.439224345142374,10,12
0.851193204916341,-1.41718912969894,-0.276477640647988,10,12
0.680523379478762,-1.34508916837003,-0.398399808628857,10,12
0.749815220403516,-1.33845381682984,-0.242035873671108,10,12
0.771096351759312,-1.22799456965573,-0.498406283394131,10,12
0.772587342725872,-1.43660913506274,-0.362543849370505,10,12
0.83074335669462,-1.10214138475137,-0.275037778817357,10,12
0.821534299028509,-1.28960637666344,-0.560027615643806,10,12
0.650912363642147,-1.36102511240846,-0.626349190599492,10,12
0.810398838021102,-1.42498086644796,-0.377093267505574,10,12
0.736733965431183,-1.37502510675345,-0.219988096121704,10,12
0.793696005148965,-1.20725011776924,-0.359457252820409,10,12
0.885657857640693,-1.48430253243909,-0.377602272540093,10,12
0.814515883887035,-1.30728683559391,-0.36837151874769,10,12
0.896825301875235,-1.47787838899129,-0.423401294025169,10,12
0.660540559382931,-1.18209675050425,-0.237328058108243,10,12
0.881049832378017,-1.42749127603281,-0.379763969515937,10,12
0.696750894294607,-1.58131992273471,-0.436681965629069,10,12
0.656896966993265,-1.42940815406868,-0.327629243768408,10,12
0.613757742657897,-1.32003200686315,-0.504474211526809,10,12
0.907110456524122,-1.19154452798311,-0.308648106552077,10,12
0.856321408928823,-1.50490223449372,-0.294536707718941,10,12
0.725950077622099,-1.42959746798033,-0.55893211666092,10,12
0.691022839896086,-1.42925795703604,-0.195543028684285,10,12
0.797791203677028,-1.48379983204816,-0.555358078928711,10,12
0.624808163441694,-1.19749653045932,-0.580164132213152,10,12
0.920784394056884,-1.26529102126457,-0.322650566702817,10,12
0.684247772169057,-1.42233544901265,-0.271822694201392,10,12
0.816780403957522,-1.24404816837458,-0.426369459617536,10,12
0.602920800679956,-1.44715148611457,-0.512850532906454,10,12
0.703638481332491,-1.26398084675643,-0.634054347823447,10,12
0.77763692155042,-1.37019324544074,-0.3691817850353,10,12
0.656020166464673,-1.26804881183124,-0.333126748346803,10,12
0.919620878848476,-1.32306827750447,-0.474628637725405,10,12
0.817427102717326,-1.345268165242,-0.331732112997397,10,12
0.799542721885715,-1.41849109666012,-0.472423072241041,10,12
0.640239463773384,-1.56307700778298,-0.279547335734077,10,12
0.995007365944254,-1.33339331908046,-0.369830610668499,10,12
0.868508135313541,-1.31101501133587,-0.185451702224431,10,12
0.929062804033393,-1.22268938540126,-0.370287381234177,10,12
0.581475777242586,-1.33699981626544,-0.282896239478549,10,12
0.713902797869232,-1.21678165371899,-0.118315175607011,10,12
0.860474213033418,-1.4348723742461,-0.304884971030485,10,12
0.730956421288356,-1.12319403797582,-0.441116128121701,10,12
0.590640333574638,-1.23586886109727,-0.288477160455514,10,12
0.768946161865615,-1.41822070615426,-0.407052119351342,10,12
0.860563490235713,-1.51019407159512,-0.174575098169755,10,12
0.85748056866901,-1.36932278144567,-0.531699348208557,10,12
0.616667983090035,-1.39608787172219,-0.543221493342324,10,12
0.872480680953099,-1.41999199011716,-0.213091419999121,10,12
0.670664730671619,-1.47937575315886,-0.277620657605961,10,12
0.817858900487654,-1.31615261534528,-0.438587752327588,10,12
0.788245718517242,-1.46744191640926,-0.331522069909336,10,12
1.01291646666027,-1.24983370192275,-0.440776398554209,10,12
0.749556298638008,-1.43477434959076,-0.408540056762534,10,12
0.832031491998428,-1.33425989125736,-0.44339525320724,10,12
0.891969807105365,-1.2574210480633,-0.491926891779882,10,12
0.648709345118038,-1.34611619817721,-0.477009251628238,10,12
0.599865860849144,-1.5345585803248,-0.349939085196086,10,12
0.675733906694992,-1.43460994340001,-0.29262779889448,10,12
0.903507195152543,-1.33958506558832,-0.265172336866194,10,12
0.937439501358434,-1.38377272012535,-0.151673509395417,10,12
0.939877053281895,-1.48343027435235,-0.468457988197653,10,12
0.89151783580298,-1.30774768379554,-0.256498157698554,10,12
0.731054076902411,-1.16550716864524,-0.239222786974877,10,12
0.734530142479474,-1.26472243472597,-0.24560024326785,10,12
0.791264171518617,-1.22219100123177,-0.234436854645643,10,12
0.92377820007766,-1.24295028010364,-0.361939493642311,10,12
0.724241959846192,-1.37315671187061,-0.400338534851868,10,12
0.831003915208125,-1.32021853543071,-0.516376659117786,10,12
0.882582550235035,-1.26712574329535,-0.463020617048475,10,12
0.78220023235402,-1.26277314892852,-0.214721503416767,10,12
0.987795989856417,-1.2873553347786,-0.132998988337656,10,12
0.626648415496757,-1.12320624598449,-0.359441135598902,10,12
0.729039577822117,-1.29593237086731,-0.338171783291336,10,12
0.905546567049235,-1.4057919987164,-0.374874978009397,10,12
0.718116469967061,-1.32081144680119,-0.484670031536399,10,12
0.729111085744117,-1.29331110197741,-0.348370997157578,10,12
0.790014106154767,-1.28302727146756,-0.391177976300807,10,12
0.527693515590058,-1.31026940964944,-0.367085843439566,10,12
0.830340980406634,-1.50727080016687,-0.29653552178355,10,12
0.983496433953909,-1.44090188838323,-0.365558109935139,10,12
0.609044523739377,-1.50081742768069,-0.213886686874622,10,12
0.824412741312943,-1.47675906537762,-0.36935917062856,10,12
0.96746699362177,-1.37615105249563,-0.444305004350067,10,12
0.818916051839663,-1.40723364482887,-0.191621306823178,10,12
0.836900368495371,-1.28141267404106,-0.468654508703891,10,12
0.829048055116529,-1.47270664726345,-0.530469771225375,10,12
0.743506343858622,-1.19269573546638,-0.350380108837714,10,12
0.729082433310006,-1.34904948678681,-0.239602866997001,10,12
0.901653849912309,-1.34298301270695,-0.514664189744433,10,12
0.762004852086202,-1.32518838657603,-0.559418810944546,10,12
0.607476769224617,-1.13899099659083,-0.466240199456813,10,12
0.775627438514758,-1.38614093461691,-0.328071673132278,10,12
0.937619696788565,-1.28748448687307,-0.413962112171791,10,12
0.849662830442457,-1.26411622851269,-0.347624816835091,10,12
0.763876924554187,-1.46879248926676,-0.306139237553086,10,12
0.851361940363409,-1.17896232526469,-0.434133668726284,10,12
0.646415983869348,-1.35452902094781,-0.444458263534657,10,12
0.816053758975443,-1.40021049903881,-0.17818613952967,10,12
1.03826979313929,-1.32219142758133,-0.196579329273842,10,12
0.753309990079616,-1.32657312039403,-0.331383422181705,10,12
0.733053116394748,-1.45256857828975,-0.462619066112073,10,12
0.777513185715854,-1.44005463823524,-0.410259283911423,10,12
0.612025067141489,-1.34468011980636,-0.435409348627026,10,12
0.667547773609612,-1.34866951160391,-0.450954753335776,10,12
0.826835344601085,-1.39310773351326,-0.300457262185029,10,12
0.84674954326158,-1.54694335411052,-0.535380020208523,10,12
0.575493599034444,-1.24747255630373,-0.300332904145653,10,12
0.804497444987479,-1.33934672242779,-0.330402505885355,10,12
0.768098463434204,-1.43287310463124,-0.316085476448399,10,12
1.04276536258179,-1.43480657363443,-0.3960121465254,10,12
0.69556078595274,-1.12995300910948,-0.431735656023033,10,12
0.751077597115343,-1.29847267609502,-0.193834731349428,10,12
0.847529515882351,-1.44538004719298,-0.537801004518512,10,12
0.591058896684465,-1.54490595361761,-0.329157572183804,10,12
0.841041979850184,-1.22190136641812,-0.331869249980871,10,12
0.645542661268893,-1.5461371346869,-0.316134412838789,10,12
0.639659821189226,-1.40984029292672,-0.329333442838533,10,12
0.877803403476337,-1.31539097282528,-0.325204537994345,10,12
0.832574648096721,-1.39072060435745,-0.333344800510196,10,12
0.774227785482305,-1.29451247677472,-0.123910737445007,10,12
0.850773201364525,-1.21964106651464,-0.589362179749,10,12
0.853579984864227,-1.36173322256553,-0.441821581013512,10,12
0.815023407362187,-1.36838848269166,-0.324187341977227,10,12
0.855626478143439,-1.59762195570276,-0.38206483668354,10,12
0.773184758349628,-1.29928605589844,-0.137947853798212,10,12
0.849793790317915,-1.47156604395943,-0.396631217556576,10,12
0.70602288442239,-1.38739597484743,-0.223715317408431,10,12
0.733534968650006,-1.24330268660177,-0.254259927273832,10,12
0.960895798243775,-1.18729818011776,-0.284892521283807,10,12
0.992577815649835,-1.4026853899684,-0.403813421701139,10,12
0.824321441561519,-1.19376823439877,-0.298767909843237,10,12
0.860780521875854,-1.39407454408482,-0.566976512008047,10,12
0.903921864385317,-1.41525176077506,-0.327093452029603,10,12
0.880257305721046,-1.20184668205069,-0.394752331175344,10,12
0.688384910712771,-1.37163127065595,-0.306291142477647,10,12
0.736802318355785,-1.51233652215531,-0.325949253793549,10,12
0.805743734066421,-1.23465290817823,-0.313250404645916,10,12
0.68262992430109,-1.35371560723598,-0.512103493657538,10,12
0.839112272929385,-1.39234495097139,-0.211817405566125,10,12
0.731707153457941,-1.4004816612296,-0.31532427948004,10,12
0.730795289094929,-1.46410041747946,-0.431643377349208,10,12
0.98079396240683,-1.26354375022191,-0.359534301239806,10,12
0.825736063108878,-1.42220116261441,-0.336653193633899,10,12
0.768851991559241,-1.31029809098979,-0.163812397301529,10,12
0.838857166145514,-1.248522904721,-0.209938581665114,10,12
0.813444831051901,-1.32102100692158,-0.167416878494717,10,12
0.803811360982005,-1.4961746085271,-0.29359135830448,10,12
0.649014194250077,-1.43908612600019,-0.30776364903534,10,12
0.744056332110467,-1.38752314437119,-0.644657959370297,10,12
1.00559965263144,-1.4783707439502,-0.43122297125865,10,12
0.961120479486492,-1.31774991068078,-0.337525412657895,10,12
0.942141981752367,-1.30320386940468,-0.379089448804869,10,12
0.764752334466715,-1.26108587014522,-0.6244978360303,10,12
0.638951519949853,-1.27712477350932,-0.312671167842983,10,12
0.82653517564901,-1.43300464729784,-0.572063345180915,10,12
0.906310399149929,-1.41135897489549,-0.310849907352658,10,12
0.828789270951149,-1.26883540291454,-0.626026360465832,10,12
0.671588844440828,-1.41339509754735,-0.324011203479201,10,12
0.798592380040255,-1.47945548276209,-0.393807249328219,10,12
0.876266013763209,-1.21664392975325,-0.501917440658777,10,12
0.804504976797072,-1.2432174700753,-0.299272877498625,10,12
0.825837124210558,-1.22335711884373,-0.382892884630779,10,12
0.886869339601103,-1.1759728291651,-0.323062387579072,10,12
0.887831785784423,-1.44737370660076,-0.179542536978142,10,12
0.788191632831698,-1.54309026169451,-0.572311576872417,10,12
0.751118589440868,-1.47023463491978,-0.420926737187475,10,12
0.766288726556517,-1.44789133707521,-0.56360492666848,10,12
0.658695266623469,-1.4595487135167,-0.430711884361609,10,12
0.736825909765559,-1.38585157857957,-0.125396244068852,10,12
0.696273012512328,-1.42111538579085,-0.491715870588599,10,12
0.751581186527999,-1.29356993070973,-0.163867655144847,10,12
0.771311308744864,-1.27258001984981,-0.556982522150378,10,12
0.7239919463143,-1.31243051281715,-0.101755298516504,10,12
0.87801442026331,-1.28219787749617,-0.437550739457352,10,12
0.754040182835628,-1.14856825249559,-0.536693741395957,10,12
0.968924542646831,-1.41441953316139,-0.405049099308018,10,12
0.844433654980799,-1.27319469430608,-0.436434330738605,10,12
0.836347888761424,-1.46602302155248,-0.57479952110271,10,12
0.856044501522541,-1.56478596104598,-0.475796693594127,10,12
0.816472968014144,-1.45564704906926,-0.583629177587983,10,12
0.753171309028433,-1.23937491967916,-0.281676488131446,10,12
0.720085897415046,-1.33980226877389,-0.225474664822463,10,12
0.741334902653957,-1.3395159694135,-0.475299290139214,10,12
1.02318223077208,-1.3373150644578,-0.39609091180602,10,12
1.00553382680157,-1.39926078886363,-0.33646827202297,10,12
0.82801223501853,-1.26554903197632,-0.399957133848905,10,12
0.83013398738759,-1.37925684431236,-0.357985046611799,10,12
0.735001703596924,-1.4351924912083,-0.391893397449541,10,12
0.987310058531478,-1.16514970627274,-0.389901857895992,10,12
0.774749456399857,-1.36764430053545,-0.417994368044715,10,12
0.841837694174543,-1.27181225553486,-0.60701690047596,10,12
0.589985151554856,-1.44229235802566,-0.451265395780992,10,12
0.946967143978063,-1.40572554859298,-0.467040183126469,10,12
0.635688369489247,-1.38483175846346,-0.289884998776709,10,12
0.927468253254112,-1.20445105631822,-0.530943410721896,10,12
0.807542446134124,-1.32328211676148,-0.346967386278805,10,12
1.00204620510846,-1.40729452308508,-0.395834019046391,10,12
0.702296611304506,-1.45296731411941,-0.42092530148938,10,12
0.712765412560219,-1.33754117041231,-0.407116138378384,10,12
0.758895915251668,-1.37492324720227,-0.434992758158861,10,12
0.873472194990258,-1.30317711492527,-0.391381118171443,10,12
0.784722190415607,-1.46350581010156,-0.306580335676355,10,12
0.854436922906749,-1.26021347445839,-0.368535841673098,10,12
0.771450880490071,-1.40072548483434,-0.317850228947714,10,12
0.864570184430737,-1.43859910374974,-0.327841414063997,10,12
0.699615290367345,-1.33884200821391,-0.339784313738907,10,12
0.780527718185355,-1.26995513085798,-0.424540776376524,10,12
0.826356117022812,-1.44438708316461,-0.215522355888502,10,12
0.747067877362099,-1.31011668088769,-0.340373435490655,10,12
0.899426817063669,-1.36087990189973,-0.35967264001849,10,12
0.718116433422772,-1.24770842660956,-0.44751185541647,10,12
0.801360937209377,-1.45715644078401,-0.286906114032686,10,12
0.783576184760348,-1.25288621153628,-0.190519619396322,10,12
0.811588408708568,-1.52734713674809,-0.45389076100697,10,12
0.8603196955408,-1.2757389273662,-0.520197561607353,10,12
0.930365812874934,-1.44329720317341,-0.533507946492799,10,12
0.880527030858355,-1.3056204017242,-0.199822316529702,10,12
0.971473245733727,-1.23138050416623,-0.292912450381703,10,12
0.993474226385383,-1.27424794979579,-0.418437077970378,10,12
0.737792839832709,-1.30316038736934,-0.402202308041635,10,12
0.752121377747065,-1.33334055934295,-0.394314332373118,10,12
0.901864908649084,-1.38711208559198,-0.442930895777672,10,12
0.892944260928841,-1.58783363006332,-0.355422434238195,10,12
0.700600527019302,-1.31142010501285,-0.379355892734338,10,12
0.908598010333108,-1.43349340617151,-0.33441500589197,10,12
0.625512772680152,-1.3502467282044,-0.346277534741115,10,12
0.847595564118502,-1.37475164198867,-0.474350712099301,10,12
0.896808592950947,-1.33355815567543,-0.274126819788554,10,12
0.740541843327107,-1.27706333733237,-0.418928349283092,10,12
0.588909602646623,-1.37458187536861,-0.228895535354655,10,12
0.651540820366647,-1.1696646716425,-0.457284675877603,10,12
0.622659277379024,-1.38741459332222,-0.310049264533202,10,12
0.841812848772315,-1.31969728478401,-0.355231381956195,10,12
0.886442374118435,-1.37688944192138,-0.327454108259985,10,12
0.945596086920424,-1.3219570891761,-0.196146430837106,10,12
0.762287942175775,-1.45063785526815,-0.326769773374625,10,12
0.689102354423817,-1.32905094801467,-0.346837935541202,10,12
0.702851662283996,-1.27592852900219,-0.415279668916136,10,12
1.00915687063586,-1.23135008339274,-0.478491946072173,10,12
0.823566627571547,-1.38613691279943,-0.353667761017201,10,12
0.69339312874575,-1.40559309422101,-0.467242393786979,10,12
0.851853198364237,-1.32805060973643,-0.0956170625426673,10,12
0.690918936457785,-1.34876627557274,-0.342763977362985,10,12
0.859219566318482,-1.32871178217785,-0.607701895962512,10,12
0.845073810347354,-1.4176159705414,-0.259001824897266,10,12
0.873766874683056,-1.24880142831849,-0.400071294058665,10,12
0.660735192093919,-1.11192647149009,-0.309496395432623,10,12
0.784411431035,-1.46380469951772,-0.184720069012734,10,12
0.604981402999702,-1.48378290938147,-0.509130652845272,10,12
0.63862547608469,-1.25206827338701,-0.331462492107759,10,12
0.801197507951225,-1.21317871440419,-0.587366918675393,10,12
0.800706586630161,-1.53410408601354,-0.352550506958248,10,12
0.768098303600474,-1.47185731089812,-0.418128146548526,10,12
0.801650477763459,-1.34005328016411,-0.408133864612664,10,12
0.686261729933142,-1.21188073256332,-0.536022400780963,10,12
0.909229747170506,-1.40935641536827,-0.296854776335145,10,12
0.570667543519304,-1.19301995401385,-0.215867057901852,10,12
0.883963189060529,-1.28348331769699,-0.249729539585382,10,12
0.892228530098729,-1.30046571567715,-0.307917153997307,10,12
0.769229237048639,-1.29436715900355,-0.499047533530738,10,12
0.957171568541101,-1.24081482679219,-0.508126195250634,10,12
0.83304413628815,-1.42828248704556,-0.319058855861785,10,12
0.756017700928166,-1.53361130197063,-0.200985610974264,10,12
0.965892237347899,-1.34504482448212,-0.230002185069158,10,12
0.725320993209508,-1.08879281508285,-0.275015962401194,10,12
0.72290160776047,-1.32898107838218,-0.17390894091063,10,12
0.735029930760398,-1.18288653995881,-0.122674571376507,10,12
0.722616880354779,-1.33962577656453,-0.40690680395383,10,12
0.843125286109609,-1.46927880777265,-0.649116773111476,10,12
0.874382823419851,-1.37649616429877,-0.347366986785158,10,12
0.832219990654461,-1.28656937165202,-0.462905532855665,10,12
0.861398650995444,-1.4494012530407,-0.35155128535432,10,12
0.710238615625821,-1.31941200260656,-0.431964452933054,10,12
0.619529159315629,-1.24931800344112,-0.225459783241234,10,12
0.574320755638878,-1.40198777516781,-0.430114022484456,10,12
0.843073481740084,-1.36306741682933,-0.280133903309816,10,12
0.808032643158487,-1.27770360541552,-0.315023444222399,10,12
1.02460235857797,-1.37500400064316,-0.306583129472402,10,12
1.06324200104165,-1.32898561930873,-0.297543827298178,10,12
0.921496380474261,-1.15224000692413,-0.369598463920944,10,12
0.691014654455285,-1.33404035716056,-0.275686387790447,10,12
0.913623090368267,-1.21806867267882,-0.136478144477366,10,12
0.887976409192113,-1.26129049526726,-0.277749380221276,10,12
0.717736082346494,-1.2205399388613,-0.346504689022126,10,12
0.772479075918795,-1.14308010015113,-0.397158351366936,10,12
0.796464125474849,-1.50512805780967,-0.337316665827363,10,12
0.779966161424783,-1.14535354266175,-0.398312594067357,10,12
0.789458472136565,-1.45602731525304,-0.32029309032155,10,12
0.585194439534987,-1.23587017776192,-0.224469899669896,10,12
0.946518046886873,-1.24072260494638,-0.253222633462021,10,12
0.744363912512677,-1.38776270378142,-0.36812363841529,10,12
0.861082939788728,-1.2072505586371,-0.345789621411839,10,12
0.675049867449439,-1.47983530399984,-0.265093306189765,10,12
0.595481949806579,-1.16938140736548,-0.284290467574601,10,12
0.994950361795561,-1.29871764109279,-0.56277574736441,10,12
0.71759773061764,-1.44873308708764,-0.557818170577167,10,12
0.825066406443577,-1.46760083418734,-0.346579783136895,10,12
0.801144424122896,-1.44572352293364,-0.387717815864996,10,12
0.747283431946164,-1.31458730015987,-0.448600782613563,10,12
0.89270400767471,-1.12912665519097,-0.358118463235454,10,12
0.735234035202844,-1.18937873871783,-0.386073749794289,10,12
0.80314935247942,-1.42048101504898,-0.266548248708095,10,12
0.809273302129377,-1.24455187193182,-0.279314536631498,10,12
0.758007073045661,-1.27032351361839,-0.518241549525293,10,12
0.75605882883294,-1.4593443824479,-0.329017073268206,10,12
0.692453435418042,-1.27608535036698,-0.330909297493472,10,12
1.04194975728802,-1.35604051559616,-0.378448703558071,10,12
0.67194614654297,-1.46123940382013,-0.491476023319227,10,12
0.905705630656615,-1.30042996196017,-0.380895053873979,10,12
0.938774433708971,-1.31095881058404,-0.225335126386749,10,12
1.02760769572028,-1.29465253517804,-0.315201575622138,10,12
0.912457817760488,-1.35396400937462,-0.29849510399098,10,12
0.760358276465169,-1.29939220753895,-0.15871065001702,10,12
0.832371250852433,-1.30136379963961,-0.59351680099374,10,12
0.868735040152187,-1.16529400750137,-0.280156419421096,10,12
0.669353746407186,-1.3114510237831,-0.313813134119331,10,12
0.764243448731393,-1.4368697409159,-0.532232924180446,10,12
1.39503833542602,-0.555153285317517,0.819932397998826,11,7
1.35402948531498,-0.735923409663063,0.856814115357696,11,7
1.31486122271859,-0.820456175293691,0.910462614270351,11,7
1.25420664969951,-0.571578671643357,0.836006074682848,11,7
1.49155437091415,-0.826772944690936,0.632696641271472,11,7
1.34058851266276,-0.85115101102701,0.741901080458704,11,7
1.56419205304253,-0.780718706286752,0.800779537200253,11,7
1.41863108109841,-0.883794202553446,0.855032050689362,11,7
1.52310332257272,-0.694666311649716,0.866491046267681,11,7
1.50231582720617,-0.728075752150395,0.977883792858446,11,7
1.55681393975007,-0.792356604795349,0.979178088349014,11,7
1.22794080408463,-0.667269451061082,0.961493035770835,11,7
1.43386472652153,-0.787461449525546,0.89141026665464,11,7
1.39636068339721,-0.861599790419134,0.906136570753473,11,7
1.26300570243708,-0.624857403894256,0.713219436815941,11,7
1.48971405167552,-0.716603491650923,0.626385822876709,11,7
1.36693070056941,-0.659651561540409,0.858044498581753,11,7
1.35617090756725,-0.517023871326426,0.837453351772702,11,7
1.49482008790358,-0.706031458336462,1.00267465261675,11,7
1.35467039863991,-0.692293458958376,1.00606047972895,11,7
1.20965630490668,-0.782595575677275,0.77318768127817,11,7
1.40392473580866,-0.616553084906126,1.05727612312489,11,7
1.32692115933651,-0.836635780336054,0.738568530064625,11,7
1.34418092576487,-0.726513817262299,0.906564594358933,11,7
1.26131850630955,-0.905897532411045,0.80528247773689,11,7
1.12473601225337,-0.826192191865735,0.994753940903778,11,7
1.44320470881928,-0.879121354781572,0.676952142296721,11,7
1.28246334584922,-0.9432293190266,1.06448690254868,11,7
1.38952532523183,-0.980407752310395,0.906264849670602,11,7
1.36576809810435,-0.737741224500113,0.945122947871256,11,7
1.40715359509335,-0.865196188500187,0.955390165232786,11,7
1.48506073832444,-0.691705654226837,0.684468169110964,11,7
1.50031161190756,-0.87678183704959,0.779199747639867,11,7
1.25710861770691,-0.689550306131831,0.796632209629173,11,7
1.40415716572691,-0.750374684609848,0.785569336113759,11,7
1.40001078169623,-0.863705861475627,0.638485342198381,11,7
1.4222477844178,-0.638836608468983,0.7866479839861,11,7
1.50441549752719,-0.737482918563887,0.981674519280185,11,7
1.38256951532257,-0.584807081278316,0.840861363742063,11,7
1.26995597989785,-0.898159882776265,0.753601317611246,11,7
1.48116769750385,-0.638851877094497,1.10476160177261,11,7
1.45332686910355,-0.682385122281481,0.807307608973319,11,7
1.4781765533369,-0.74067807832536,0.929765210881226,11,7
1.37119089101252,-0.549887580671303,0.825064717927575,11,7
1.31925890495914,-0.73853140043181,1.12092836029637,11,7
1.4142985228113,-0.907229699019214,0.990147981522433,11,7
1.36664939371075,-0.647069751122898,0.985292149233584,11,7
1.18970109460819,-0.708794890338195,0.786479676102525,11,7
1.42319106908882,-0.750816089426956,0.779931905611906,11,7
1.30382385456749,-0.614491697293563,0.798378902954622,11,7
1.25006498828317,-0.894797919044902,0.752605321015649,11,7
1.27947721880128,-0.949830654875322,0.962291891520959,11,7
1.34335262572483,-0.759908433916799,1.08218611952239,11,7
1.47843920634413,-0.64469676057354,0.984797977376681,11,7
1.38087064929486,-0.738068167163636,0.822015389005102,11,7
1.29071814531618,-0.776936072868068,0.970820131850766,11,7
1.43549778746886,-0.850842401921254,0.930196270367942,11,7
1.38894721555785,-0.691181653760622,0.87324576023869,11,7
1.38163548754118,-0.812871005237907,1.05438314267993,11,7
1.36730259655772,-0.902813905057631,0.648984587685862,11,7
1.45445953318756,-0.839048899986491,0.901641415694442,11,7
1.43492517353899,-0.694263810330049,0.960167506689214,11,7
1.30538008860682,-0.671890137579941,0.732360449036604,11,7
1.4232190258892,-0.796019628954576,0.716394939130419,11,7
1.23294333071658,-0.738922159763913,0.874763843956972,11,7
1.46199224798925,-0.676796327526703,0.889424861505876,11,7
1.42659974827819,-0.784033463228735,0.675313569211477,11,7
1.23802482571623,-0.882900516795622,0.895135636331761,11,7
1.41421908516097,-0.845918351825082,0.693878895983982,11,7
1.44031663865873,-0.757848672028263,0.926030390095093,11,7
1.17481811479793,-0.835740292047093,0.798079538804968,11,7
1.3608188906954,-0.55661333471243,0.839451850716705,11,7
1.35492625031092,-0.521859901301748,0.955295233479368,11,7
1.26864753291834,-0.686728708840228,0.972078652403547,11,7
1.35931153794121,-0.676237927833846,0.789365394892913,11,7
1.28860450055897,-0.665664831324964,0.963627298439266,11,7
1.4066197023748,-0.660491404165153,0.639925953548966,11,7
1.31544772922557,-0.886416221269544,0.892957075629789,11,7
1.42663807861448,-0.691936946471941,0.84172094887198,11,7
1.32787050344956,-0.887272685828229,0.870388910366544,11,7
1.40309641986734,-0.612767601022385,0.829607756519821,11,7
1.22356801581352,-0.761245628246302,0.846926258767811,11,7
1.47024992899282,-0.678532630961666,0.957567218092498,11,7
1.42141165626199,-0.591711463828821,0.823103470556936,11,7
1.22992093057926,-0.690683068107175,0.787093442413884,11,7
1.46290387791358,-0.666140977123673,0.985194397758357,11,7
1.52506654512832,-0.764132353018229,0.903003464445277,11,7
1.3452716999128,-0.925343733535126,1.04405565131644,11,7
1.16847994355062,-0.537593180009146,0.900948988636862,11,7
1.61452507988781,-0.882231743325809,0.828839496849044,11,7
1.28376741464916,-0.887858338945805,0.937686763851951,11,7
1.33575175100325,-0.656917111706542,0.864650155031666,11,7
1.2578709517479,-0.905038434258248,0.873805810837096,11,7
1.22001670984855,-0.798222523518823,1.03961883767615,11,7
1.48056273707656,-0.798572106094747,0.823445912079747,11,7
1.43934468482911,-0.620940189874129,1.03838582512025,11,7
1.39842788559445,-0.563792541042658,0.815192595095628,11,7
1.43890014630921,-0.911197099674267,1.01601686376373,11,7
1.34667082792916,-0.976207602108046,1.02864289016952,11,7
1.41321692310548,-0.739042956241524,0.91772015754,11,7
1.34625855565156,-0.889064326204271,1.03858354944202,11,7
1.48514499187561,-0.775399869195885,1.04333119716105,11,7
1.31124852994009,-0.722898244173184,0.744719506248105,11,7
1.13688417595615,-0.770938804431062,0.663512873949685,11,7
1.42398688491659,-0.644563324879436,0.960071457142507,11,7
1.48936602394643,-0.769987838470427,0.732603435098385,11,7
1.28585224666354,-0.876195690399572,0.893317783940863,11,7
1.2793293314812,-0.76931640858865,0.778548770780072,11,7
1.13009548480681,-0.794134708188573,0.914172496342533,11,7
1.1425334309221,-0.920301470735137,0.908653871524361,11,7
1.51702106176004,-0.856033548646301,0.699522968661354,11,7
1.26939683663825,-0.725704877609217,0.844346929079644,11,7
1.35026891822158,-0.827206335503052,0.620706264928504,11,7
1.30740459031262,-0.657062772402867,0.924797757554803,11,7
1.19526666232296,-0.728811921748526,1.03211658263422,11,7
1.45958899827886,-0.634889140898287,0.736160529408564,11,7
1.34761096763381,-0.804354969614159,1.0706082628446,11,7
1.34996016695167,-0.634829122144504,0.926852548928732,11,7
1.32917399445038,-0.808117460116692,0.656253590087041,11,7
1.53103008996045,-0.71305432592675,0.936493627140261,11,7
1.41298296141466,-0.674034614903691,0.895069859937566,11,7
1.46233510711606,-0.713758446084123,1.06347663083524,11,7
1.38091796689023,-0.738515273291683,0.796267566701374,11,7
1.43499980641404,-0.74362081110798,1.0368519640213,11,7
1.33693796054046,-0.85429616597384,0.807723585774127,11,7
1.54592256704516,-0.819759377353697,0.806939457514609,11,7
1.2045195468646,-0.752179659441998,0.956604973435685,11,7
1.29318230782368,-0.777263849278317,0.806697294948627,11,7
1.48732301375698,-0.615739552847614,0.720271540995579,11,7
1.31949462718066,-0.775195435032162,0.965093412031128,11,7
1.36228003205085,-0.872783658955177,0.8690753910339,11,7
1.36533631547067,-0.797172997583478,1.01402187410188,11,7
1.34369420365257,-0.639514569727695,0.711990226584851,11,7
1.4835793640739,-0.777930368170655,1.0297050110609,11,7
1.4148162707863,-0.728783763805598,1.01926612307368,11,7
1.35104103166306,-0.929063652466194,0.791667676493752,11,7
1.31773049116985,-0.706015349163148,0.795514433664235,11,7
1.41811341905598,-0.668873524430291,1.11905820068817,11,7
1.303117371705,-0.824284136889344,0.807242787358951,11,7
1.53168899216592,-0.78012653743762,0.991526846034418,11,7
1.48116661571959,-0.876978125393484,0.926512581631904,11,7
1.18846595475005,-0.693968706695122,0.971048284832935,11,7
1.35194272993195,-0.748941399168788,0.805160589800258,11,7
1.36809256277078,-0.765015607254234,0.975381525642165,11,7
1.1930567607442,-0.62249094256317,0.941645654209168,11,7
1.37412774807041,-0.70692691967803,0.843704861458103,11,7
1.38916405009514,-0.696963752796342,1.09442239927209,11,7
1.44717568257125,-0.923327164018784,0.935896580506807,11,7
1.46645788907044,-0.753461096672886,0.714326096086049,11,7
1.28187804651144,-0.731793328473735,0.631078909239424,11,7
1.32658067058387,-0.780441829957173,0.836021586382936,11,7
1.43878901263226,-0.789226285777718,0.934806999768475,11,7
1.35480378731526,-0.65142703006513,1.03413320331559,11,7
1.29757646952622,-0.705105878716576,0.626104955783881,11,7
1.26692156175207,-0.757660599745401,1.02958142051708,11,7
1.58695756639874,-0.75854755518517,1.02819897389897,11,7
1.29603281174973,-0.593834973123916,1.04190906507076,11,7
1.34417456484264,-0.734983785468979,0.862455655168039,11,7
1.46994578491646,-0.873224100314885,1.0215432443087,11,7
1.26149707202979,-0.788937170563773,0.85679525029742,11,7
1.2461036560763,-0.813520160299006,0.990295023823753,11,7
1.34869338107367,-0.808390388189549,0.982122707500359,11,7
1.30235791596837,-0.750632203168659,0.78353340184695,11,7
1.42783478903772,-0.705949360948129,1.03654312672419,11,7
1.53252781032151,-0.885362577333087,0.906647460819188,11,7
1.2091223533761,-0.65410374575317,1.0094184656543,11,7
1.30170342873659,-0.782040213989084,0.907669735655233,11,7
1.35899489846477,-0.791757512210367,0.930071628882357,11,7
1.18204671727728,-0.79246621537769,0.990574983849753,11,7
1.33469036459274,-0.928385019416543,0.707352623626446,11,7
1.27421254373396,-0.912372323806145,0.88243871646001,11,7
1.38378259694976,-0.771108029510525,0.98129384760145,11,7
1.47197131815653,-0.969670250889716,0.785797601372372,11,7
1.3200186352794,-0.552774073505705,0.83747615786352,11,7
1.25747631882911,-0.795490783146805,0.903880896667401,11,7
1.38460727567008,-0.809679594576867,0.824659681695889,11,7
1.41328635748026,-0.648093770125495,0.759364024074102,11,7
1.37439268997661,-0.678387040434188,0.787714151176182,11,7
1.38999382343614,-0.631676236236783,0.895734663197293,11,7
1.39123566135619,-0.509506983982858,0.76874326670704,11,7
1.46970133090984,-0.625670077609353,1.03470155774199,11,7
1.25228598290936,-0.751958567907633,0.927658847032793,11,7
1.47819819729516,-0.665603463732996,1.10757663082363,11,7
1.53945692184058,-0.576276159040548,0.996310262554248,11,7
1.47488136852574,-0.952018441908016,0.955967061143597,11,7
1.42067988820549,-0.706918075392804,1.01120516113932,11,7
1.3895536310546,-0.867519257487707,0.850487276471755,11,7
1.35145475174032,-0.862728271354656,0.770148255468316,11,7
1.53559039007618,-0.804777993923111,1.02842863214381,11,7
1.27116988177857,-0.824979907032281,0.80006417902904,11,7
1.41921638621161,-0.598803504659426,0.917248087253733,11,7
1.42053248697139,-0.747557085202118,1.00698648125809,11,7
1.32357238694001,-0.594716372979744,0.831889118707654,11,7
1.23457525986812,-0.941172868490565,0.932432978195689,11,7
1.5630685233268,-0.586831843125023,0.982848207663731,11,7
1.33281956681139,-0.698564916355931,0.996495625448468,11,7
1.27791003133155,-0.899359681266277,0.872595786734169,11,7
1.1866107771069,-0.703710071445323,0.765848158051486,11,7
1.43907011647425,-0.875893265324429,0.871317066554769,11,7
1.2549555663834,-0.914650116560514,0.659267541852164,11,7
1.42750058632725,-0.609053626380114,0.784250414169507,11,7
1.24884287167853,-0.823370292457405,1.00959846429294,11,7
1.28224014369756,-0.812328904426629,0.860587656187022,11,7
1.39016109791261,-0.967115885630044,0.896260803626744,11,7
1.29096197600502,-0.979415787540794,0.883926366512159,11,7
1.36664913075353,-0.881047667106792,1.0651221473982,11,7
1.49357432484203,-0.726341076616518,0.754296095388249,11,7
1.43561266956191,-0.660515733408275,0.902331787701779,11,7
1.41237027287423,-0.804156476906918,0.896137281641193,11,7
1.46919219716564,-0.623999045539966,0.771190129688628,11,7
1.21227999266831,-0.755919119824209,0.679591293939681,11,7
1.15803894901247,-0.634691367861153,0.976603877606012,11,7
1.41097031483877,-0.820341913107325,1.14582821315067,11,7
1.46268307959412,-0.808760011396748,0.798034585216775,11,7
1.3936487469699,-0.636957914322739,0.819589726920045,11,7
1.3487393643956,-0.679445894965781,0.838367708143299,11,7
1.51252100638343,-0.776642828509165,0.888441416363474,11,7
1.33132823765827,-0.762818041209488,0.812827649606022,11,7
1.33723488301101,-0.801878067888222,0.856549574753645,11,7
1.23874523859205,-0.850395861065173,0.77183778333277,11,7
1.57952830654249,-0.799289703952657,0.817920937350626,11,7
1.43895541869489,-0.810443638016585,0.894051616225928,11,7
1.30654808792185,-0.610431880551909,0.793181683648281,11,7
1.17478286080908,-0.713327466890666,0.720135373449602,11,7
1.27089517106691,-0.615025047183455,1.09119564209858,11,7
1.44410994500141,-0.832123641491898,0.966161638540096,11,7
1.45045272169296,-0.845015651285764,0.908216927590253,11,7
1.42106068353917,-0.794157782561467,0.907898863054641,11,7
1.30505820230731,-0.854295995827325,0.931047955436705,11,7
1.30086944445565,-0.700142524314472,0.773843080025244,11,7
1.49064794318171,-0.952019321949069,0.730050159126841,11,7
1.43344953961989,-0.872145048873339,0.841545362391917,11,7
1.46490140975889,-0.670673647181428,1.02604377382613,11,7
1.35382637935183,-0.821869680307988,0.825565374069801,11,7
1.37745757601555,-0.636165751862765,0.820039747514526,11,7
1.37089756368211,-0.756578169428468,0.915347451116625,11,7
1.42785454407973,-0.863265821589269,0.937336619458041,11,7
1.36527858753743,-0.797835693223345,0.735242535409026,11,7
1.36673741553948,-0.88667148095961,0.88669370384043,11,7
1.54016793593521,-0.623402152947647,1.0792044476972,11,7
1.55916864637894,-0.659057825893026,0.951372688853702,11,7
1.33976701806633,-0.798002034962792,1.02237302022973,11,7
1.3606646163223,-0.569469297743414,1.09464287717658,11,7
1.396891831693,-0.694102347934745,0.806273431462927,11,7
1.41302749628342,-0.784421148573227,0.911491092258711,11,7
1.13710882034308,-0.699364516706456,0.812949712242273,11,7
1.35163129484994,-0.802763374394296,0.982472327801078,11,7
1.26273188840724,-0.52550584872032,1.03604520933677,11,7
1.32524838866765,-0.920180570100193,0.856604096658623,11,7
1.54477832014539,-0.657901502141075,0.886603108863781,11,7
1.29801571544571,-0.67887906068397,0.825873363710685,11,7
1.06376803363016,-0.782966951126101,0.914222524500377,11,7
1.3339344067478,-0.951778711748481,0.947929860332064,11,7
1.41012615402605,-0.67542346768153,0.770810412895427,11,7
1.4034232039033,-0.859410522433019,1.03096198145647,11,7
1.19971536038417,-0.760020464369992,0.707921665135302,11,7
1.42007209211921,-0.851079329792237,0.894120703596822,11,7
1.43656611435625,-0.770073099310057,0.87155025056242,11,7
1.32572907442671,-0.604284135250585,0.920878836118263,11,7
1.33191587188562,-0.731699018592055,1.00226124477532,11,7
1.2053307344498,-0.834497835864353,0.802162960737679,11,7
1.37486485545396,-0.841112998979998,0.807026262289,11,7
1.32650889370065,-0.977934854808345,0.838677597161691,11,7
1.20685468749387,-0.81757370141368,0.833756989547848,11,7
1.1058971196637,-0.779374680074316,0.895742732166242,11,7
1.25557081188773,-1.0458684293391,0.898135639843007,11,7
1.38641344111754,-0.879863216156104,0.843922803883953,11,7
1.38095135232711,-0.721985332497153,0.889668987845376,11,7
1.44439429454576,-0.849464079232415,0.998701993028489,11,7
1.36781686531349,-0.723334072732082,0.808737394462034,11,7
1.48375278796274,-0.714114077742336,1.1642304260156,11,7
1.44125781558471,-0.647953010612075,0.864772495520882,11,7
1.49764361702598,-0.830423896782807,1.08164504735279,11,7
1.30857679964826,-0.738940446824155,0.82929673769699,11,7
1.37921264810922,-0.582702098254722,0.886420113071381,11,7
1.37790787170947,-0.837163369075698,0.986190809964312,11,7
1.29447546048926,-0.86785562295921,0.962844282129289,11,7
1.37553064892,-0.719310884729295,0.960169641238393,11,7
1.34464064683535,-0.592922245263796,0.934169280048519,11,7
1.39097796795465,-0.687491874498619,0.677698534975874,11,7
1.15588189340023,-0.732254970357788,1.05828316303078,11,7
1.61146583287598,-0.73617091360942,1.03410947722975,11,7
1.21632844429509,-0.900343179350105,0.841191423191011,11,7
1.43666667073944,-0.742532226763593,0.985988469739447,11,7
1.36918991960662,-0.815873798235808,1.0296455233748,11,7
1.57859409675796,-0.688788961554738,0.841026228920941,11,7
1.19324134289069,-0.647028516566325,0.792978001978257,11,7
1.21577352657962,-0.758731614243659,0.763479489161331,11,7
1.45817589663957,-0.759444091127591,1.03135234212065,11,7
1.20106382515656,-0.738055099091783,0.808656069140143,11,7
1.469326229867,-0.781926609220223,0.886910936504911,11,7
1.40307584933189,-0.569580505007717,1.06759173794712,11,7
1.43800851704654,-1.02056959540487,0.81594848509358,11,7
1.29405285754778,-0.918080736614461,0.834660314277174,11,7
1.31258337887992,-0.741163589522097,0.982622690723848,11,7
1.16076174062077,-0.900055935786828,0.879252777206953,11,7
1.50806880672536,-0.837245900364569,0.987391503646248,11,7
1.45225756869994,-0.864364096128638,1.06266215958179,11,7
1.23833192208221,-0.758137543000657,0.819179789284806,11,7
1.36620795402948,-0.888932754301116,0.972956167647829,11,7
1.43071419332844,-0.791830979311817,0.978563438156599,11,7
1.52536946537204,-0.739817962016609,0.913318420224733,11,7
1.61598647891647,-0.721709199226939,0.881975808608569,11,7
1.23047801382566,-0.619202655161431,0.72905538285462,11,7
1.49501725047508,-0.750171334617538,1.14360389115098,11,7
1.37417131640822,-0.825655069353847,1.0017719115556,11,7
1.28396936068374,-0.976969201438545,0.974136006114398,11,7
1.42548349562573,-0.888161098194149,0.68651114391338,11,7
1.39658496282838,-0.694999502964621,0.686287232470115,11,7
1.56517280706756,-0.855459184038311,0.947119882512597,11,7
1.36194520446556,-0.611487485348552,0.879135852303735,11,7
1.40914582057818,-0.666794064980391,0.950460959815188,11,7
1.44577679448467,-0.95581517555179,1.01676850191392,11,7
1.24807116793574,-0.867479967930441,0.85654755439499,11,7
1.25139597019417,-0.733009753473961,0.889325717516802,11,7
1.1312215398616,-0.895474472952095,0.999458849562259,11,7
1.41320491445811,-0.518768753259977,0.917088083678787,11,7
1.30536448463714,-0.997506224079947,0.927080768040923,11,7
1.46192493405765,-0.801910634363081,0.758725631439375,11,7
1.35739510462745,-0.875883470951794,0.96666564861238,11,7
1.28398778575756,-0.6370654836841,1.02306514699034,11,7
1.34166136338454,-0.719198623621399,0.921976978998391,11,7
1.55059876770305,-0.601005220847548,0.995637806438167,11,7
1.26859342312922,-0.823267625267457,0.780561578703451,11,7
1.26701269120866,-0.841937260263076,0.942675367634294,11,7
1.47545409372549,-0.683318567832968,0.822968373196361,11,7
1.30165210563493,-0.634061878556823,0.94695931512463,11,7
1.16589169905183,-0.633596940771744,0.820983150648847,11,7
1.51923886361702,-0.965602921592682,0.863502407921173,11,7
1.28637506036757,-0.856329679555979,0.967588074196836,11,7
1.37915142632942,-0.929449316421379,1.01312283511962,11,7
1.26192190397693,-0.663006089723332,0.829136840694972,11,7
1.37618739868276,-0.654399102801945,1.05608550320926,11,7
1.28602217902533,-0.774803590760981,0.729678726503562,11,7
1.4400559550778,-0.705708662960593,0.955817990852509,11,7
1.40445481768345,-0.724615378027366,0.774200825842958,11,7
1.15220874135281,-0.768470866469948,0.93612786119635,11,7
1.22374584515166,-0.781977738455847,0.7609750113367,11,7
1.18373844943402,-0.645696926056799,0.981455320295819,11,7
1.23391314132749,-0.635068472725885,0.767709867401491,11,7
1.39212602950704,-0.87450675661,0.900182964518306,11,7
1.23573202678174,-0.564159595936222,0.808548993633554,11,7
1.30532391667674,-0.844618775796339,0.813080950213199,11,7
1.40673941247419,-0.668552213119071,1.04427704812756,11,7
1.44208733078321,-0.951521513407098,0.747970202807972,11,7
1.39733421388112,-0.647422222008574,1.10191543609404,11,7
1.3070448803508,-0.761963630770939,0.804563884233103,11,7
1.35829884597642,-0.911631560258196,0.79899300715448,11,7
1.30054062761157,-0.907870191479667,0.981489216887201,11,7
1.24174885864039,-0.74720371192017,0.926603700181313,11,7
1.30686810166388,-0.852411623664177,0.783369484607911,11,7
1.53345473098874,-0.756548810685753,0.750770614956475,11,7
1.34798958508179,-0.804948823530758,0.821945427247266,11,7
1.51283397074986,-0.76801266746176,0.866744587346448,11,7
1.44498692012373,-0.883807525674878,1.00691234296392,11,7
1.22279376534486,-0.758376689993138,0.686069922886987,11,7
1.62109326850747,-0.850609146507757,0.880467525516238,11,7
1.3695641526574,-0.598980117002747,0.863717548779061,11,7
1.35634235840306,-0.626568682160997,0.75363758005997,11,7
1.48853587105481,-0.680432640284,0.977191271128921,11,7
1.24814771922433,-0.919966937349604,0.774781441711157,11,7
1.47874643498522,-0.750495326925275,0.893098277044975,11,7
1.35972084693394,-0.709631232657423,0.921674396147281,11,7
1.26589124144848,-0.708983899681355,0.864948187793067,11,7
1.36682050140015,-0.797418508615016,1.06501639194303,11,7
1.35421299705986,-0.983716081682716,1.01222421650825,11,7
1.34709888427178,-0.726202398896152,0.593400389935979,11,7
1.26658460453779,-0.626848001551482,0.787116649680261,11,7
1.34093816247731,-0.745172230927811,1.03810224931153,11,7
1.32405602112563,-0.668032896172342,1.14240437364006,11,7
1.48506401524366,-0.714974458904788,0.867413434446164,11,7
1.40013444944473,-0.777970345500741,0.912754175918847,11,7
1.1648050638469,-0.763587877880544,0.677135389728806,11,7
1.43452915829904,-0.824066547344571,0.849221143225274,11,7
1.27708215781503,-0.837540579415088,0.997335293763972,11,7
1.28663383460916,-0.629451249529421,0.778619652188475,11,7
1.46526037590523,-0.652734547562253,0.973999622777201,11,7
1.26215145756346,-0.78657327812096,1.14501923231417,11,7
1.53302475322771,-0.98596190995577,0.776355583902193,11,7
1.41536769042635,-0.91588461954959,0.958762551262414,11,7
1.36852281454504,-0.904602239420347,0.80779983344301,11,7
1.30174789936973,-0.661297655618795,0.778043503532029,11,7
1.40954481748543,-0.858358324746058,0.894276936405511,11,7
1.37713534511584,-0.96832959972262,0.970552582137597,11,7
1.42025168375583,-0.771623994009864,1.08552490610868,11,7
1.27687061349341,-0.811104192817373,0.810203495857981,11,7
1.52387795142738,-0.872583711981443,0.91307304713086,11,7
1.35361678256372,-0.578008927922333,0.827114498944242,11,7
1.19258365657287,-0.850562901792891,0.817312157852305,11,7
1.48591313026464,-0.869048842543935,0.951927481574865,11,7
1.26997209061311,-0.650992639200314,0.771352913451587,11,7
1.39758343007827,-0.564415149038632,0.800283569595117,11,7
1.15949589238372,-0.748446685064776,0.724141262842092,11,7
1.37314203507534,-0.737323265735094,0.754790131880493,11,7
1.3942289184121,-0.807083532166956,0.769593301485297,11,7
1.43111295497232,-0.832370093697938,0.785402154812109,11,7
1.4155572910581,-0.803594614970513,0.987822177618702,11,7
1.45494686708827,-0.88919261092483,1.05759560626065,11,7
1.18301254529443,-0.751038684503357,0.828431147134461,11,7
1.1645633907716,-0.91110765070121,0.716512185535542,11,7
1.38209730015698,-0.485673441024915,0.963340565512582,11,7
1.54115017331748,-0.738542339889485,1.13801985993902,11,7
1.5246537478422,-0.665067751806764,0.876210119799974,11,7
1.2491839898531,-0.86442790882627,1.0381615194868,11,7
1.25857010220039,-0.709908873904193,0.926557007569252,11,7
1.30783367490129,-0.76871308920428,0.857241556553385,11,7
1.47483383919402,-0.857508280051912,0.951524362958632,11,7
1.46386954644096,-0.858288358656482,0.93282328344672,11,7
1.31295995048637,-1.00602456221963,1.01866555868095,11,7
1.28380339977005,-0.648123713623754,1.01116204373746,11,7
1.32487726833711,-0.615427873626933,0.902159564924105,11,7
1.29516338260392,-0.797068457243711,0.766967068515437,11,7
1.36664587745434,-0.706288671179351,0.842964559556782,11,7
1.40407319577139,-0.73252861436851,0.849078999634038,11,7
1.38371329853168,-0.582200859312569,0.82705244766697,11,7
1.3659409283994,-0.792434153752918,1.02535505855238,11,7
1.1312862041106,-0.770643689172054,0.967045668820455,11,7
1.30035528424664,-0.763703301180524,0.892195971673616,11,7
1.15132552012728,-0.713653510443313,0.863710907131976,11,7
1.50369669365177,-0.84022902291682,1.10202776444393,11,7
1.51120453826063,-0.681071749069064,0.894796514796204,11,7
1.35302160703148,-0.6224037180012,0.941452569473315,11,7
1.33515075212625,-0.618354048079012,0.998643748584934,11,7
1.43805103167337,-0.884967211229965,1.10763774731333,11,7
1.35286540244708,-0.686617821291949,0.891756220910046,11,7
1.43972692195426,-0.891516946292367,0.774602986967086,11,7
1.46381446482773,-0.764395446869474,1.05512839336173,11,7
1.14517313069886,-0.727681702766866,0.964770681401038,11,7
1.35690940810796,-0.726167208487573,0.765789277275835,11,7
1.34693671368056,-0.715819484424783,0.806187225771595,11,7
1.35837790558345,-0.607650110430748,0.694269907845213,11,7
1.39498270835914,-0.573920612598962,0.950460115401672,11,7
1.46343333912865,-0.726320689064884,0.794348289620871,11,7
1.24167506235184,-0.664130774122661,0.895569249431918,11,7
1.26293626682177,-0.736362050808052,1.04092603070164,11,7
1.39724372774599,-0.682023917181412,0.911329728610457,11,7
1.32179290676376,-0.670872027305301,0.938677336570205,11,7
1.47415951349851,-0.885385916639562,0.914688247188626,11,7
1.29799014806894,-0.780449746808095,0.753054139296936,11,7
1.44733025515505,-0.753318999199754,0.893862756091624,11,7
1.45329670083172,-0.768527174638561,0.64848580758987,11,7
-0.868275568250409,0.0690697800000236,-0.0473307624549747,0,0
-0.462765347955849,-0.513862253489919,1.87391676259458,0,0
0.300707601379826,0.136777573684618,1.34719349589935,0,0
1.57622554699244,-1.09408551206709,1.66863043119017,0,0
-1.11104004589358,-1.90861137970814,-1.34722450779213,0,0
1.53888246111367,-1.16763165841384,0.0471222851031668,0,0
1.71492931740238,1.5543473745581,-2.19533931111958,0,0
0.635203551533903,-0.997817797036598,1.709980550251,0,0
0.514694660946736,-0.177588279512428,-0.28226029412055,0,0
-1.64313209953522,1.34466760676113,-1.06786668689763,0,0
-1.09471300845227,0.71771894571444,-0.638186958931644,0,0
-1.20660346634721,-0.0925919234541685,-0.0190879043529757,0,0
0.734950340489558,0.5840819287749,0.218246448325849,0,0
-0.417200201453843,-0.879157480446289,0.262029741935916,0,0
1.04995013811765,0.62738328474827,0.51434737286562,0,0
0.0148594874246277,1.61871749358922,1.91270724339123,0,0
0.851320700731494,-0.581136220092066,0.326835398307153,0,0
1.89457139649866,0.150402617143992,-1.86424734540627,0,0
-0.432674856962305,1.87354192493269,-2.13404839486544,0,0
1.07887113712519,0.402020573313509,0.514990389436211,0,0
1.67700835755022,0.242405496529344,-1.83137355181771,0,0
-1.07125327249975,1.3661556837532,-1.85451057371045,0,0
0.600500388294994,-0.232354213286944,-1.15487116468456,0,0
-1.40058786923485,-1.42865265935746,-0.753751717965571,0,0
-0.861763968361695,1.78457411631814,1.97354044273049,0,0
-0.40955375837282,0.617655612745004,-0.928185743750168,0,0
-1.82720566954862,-0.539065381655039,1.18221765963893,0,0
-0.423726085579186,0.777366692708592,1.04016693931088,0,0
1.42972664991852,-1.57936258777698,-0.0363567312877913,0,0
-0.583620943444524,0.774142266773846,2.13745931233501,0,0
-0.0445477388065076,-1.85642386526065,1.69712600920035,0,0
0.402308242489408,1.55815357446871,0.790897741197947,0,0
-0.000955186049770495,-0.127787705352674,0.438362581016608,0,0
-1.1698585029893,-1.83649168660841,1.22915505914475,0,0
1.26877226566441,-0.84644172807258,1.82981816964681,0,0
0.664372326698853,1.1564030518877,0.724714555880698,0,0
1.1427494170925,-0.304092084143496,-0.334990614901435,0,0
-1.46757295827094,-0.496417469502342,-1.96397576123052,0,0
0.874493240284233,0.14832548531089,0.930784857645755,0,0
-0.313856612491278,-1.20686877365866,1.89402843111884,0,0
1.24432712815006,1.93072984658727,1.65645157770946,0,0
0.582952702172246,-0.0732809117387841,0.291490357532382,0,0
1.09974295639446,0.97381536763933,1.42817254309057,0,0
0.225333599792929,-0.427059545106925,-0.187690168901453,0,0
0.136648593642557,-0.27569145253555,0.256327734392661,0,0
1.12417457214755,0.0990095597969483,-0.709345920038114,0,0
-1.78939565119132,1.59269726186425,-0.578328255106012,0,0
-0.0629948677984288,0.428645163436151,-0.57587751004999,0,0
0.907213894941338,-0.442187195699063,-0.322926600884383,0,0
0.756663373774251,1.27487096891029,-1.64068808175199,0,0
-0.0615131904114595,0.811221336738991,-1.00540623207795,0,0
1.39746782951612,-0.155706993641417,0.356185330947469,0,0
-0.211836767558918,1.51001799814714,-1.72810731541576,0,0
-0.947051163751217,-0.324775807213954,-1.1653682340844,0,0
-1.60930849281597,-0.114143921977796,-1.53712954447655,0,0
-1.49981693298562,-1.85976734042932,1.37910907885891,0,0
-0.67519872624789,-1.81637520703165,-0.378436864950396,0,0
0.0944856768933889,1.5165081460721,1.18321228475602,0,0
0.639795446546795,-0.710126913963849,-1.92553181937745,0,0
-0.330760253999269,-1.0218556812516,-1.55287930255308,0,0
1.59398075925158,1.8677921847652,0.990946513774978,0,0
-0.761417559387096,-0.382499324977542,-1.58924359165211,0,0
-0.132082788634856,-0.299380532193078,1.87937660447888,0,0
-0.613875147021629,-1.02691240217391,-1.3328687285513,0,0
0.597445046756558,1.48905090558564,-1.5154045446708,0,0
-0.896770884608438,-0.962855042944812,0.807019952108868,0,0
-0.0579925786085103,0.700921315117792,1.11331962603383,0,0
1.03652096049847,1.2751006658455,-1.65415524301401,0,0
-1.55770321567652,0.139975724872929,1.08182285119163,0,0
1.45114215309251,1.94342222413068,1.42187497969227,0,0
-0.588474423300616,-1.9114653189457,-0.628722394948687,0,0
1.3146691261468,1.5649298726287,-0.0141366849590642,0,0
-0.559527750746636,1.06183952329724,0.432411692210205,0,0
-0.608625351773007,1.6458946361555,0.992993650411705,0,0
-0.0663374526718236,-0.859784317095456,1.30671438280623,0,0
1.51533371302474,0.161471479929785,1.81287749523427,0,0
1.40937273651032,-0.535519234222636,1.40202880530128,0,0
-0.394813510994651,0.285271559325908,2.01177552969813,0,0
1.77556736130995,0.568645186809747,1.29667200050465,0,0
-0.224911737731468,1.85291711750721,1.38427137311414,0,0
0.831908324854828,1.09581696709916,1.04031554204656,0,0
-0.356760235541285,-1.47469681512792,0.0293036967815614,0,0
-0.64066132568602,-0.679624276183857,-0.493387882143551,0,0
1.00143936417269,-1.91447266347279,-0.671430425576319,0,0
-1.10719728603237,-0.237457997024175,0.943263082921761,0,0
0.826608324898025,0.844414354372301,0.700408706057644,0,0
-1.41528142495919,-0.194961972976863,1.98217868876912,0,0
-0.944422049487557,1.12413947421538,1.18696174202203,0,0
-1.33307860804764,-1.70950894626425,0.358888909289365,0,0
-0.966707086305188,-0.25946289645399,0.148656385577329,0,0
-1.65397925305086,1.08401150092022,0.726769391065794,0,0
0.564802683531063,-0.32462787765457,-1.56012252809839,0,0
1.45474741737306,1.50052810438825,0.737963600716318,0,0
1.08446020203349,1.78805844693565,-0.658236764735412,0,0
1.15442220214198,-1.14518738592298,0.502098266714532,0,0
-0.146502864545978,-1.86881299573748,1.30219186879561,0,0
-0.318384090290493,-1.16610773862998,0.921195795836223,0,0
1.20600294546298,-1.37760390701756,1.53168842504285,0,0
0.42272335318045,-0.771432860205542,1.34011996944055,0,0
0.612101655634254,1.08906958302037,-1.92808650951481,0,0
-0.534752628769207,0.776309405122888,0.568244658943155,0,0
-0.850203340694048,0.620415047740932,-0.813223569988759,0,0
1.89753038541478,-1.63586747185308,-0.150447961844156,0,0
0.531350992106891,1.6082512977643,-0.0982410512452511,0,0
-1.06720021821178,-1.40749024325038,-2.15356721139037,0,0
-1.38606898058924,-1.10230214256152,0.868931233688582,0,0
-0.0596174835845154,-1.3204209720909,0.670788281554499,0,0
1.63657433997891,-1.71481213434362,-1.66584939568698,0,0
0.399246970291784,0.872324887149184,0.000274629109316835,0,0
1.83472192569654,1.30290860942232,2.05480946047852,0,0
0.905231412926621,-0.30127854597785,-1.40697326359207,0,0
-0.521327670003305,1.85106173267389,0.774612335233827,0,0
-0.237028881206423,-0.662032166591138,0.788084134858586,0,0
-1.31441418243063,-0.0574901768660565,1.67483310960022,0,0
-1.8283952409383,1.88450223743532,-1.65640845070869,0,0
0.84351425294656,1.87378338437853,-0.617838449451177,0,0
-1.48567526153991,1.64882857560973,-0.201869115371319,0,0
-0.180696658814149,1.76569378145258,-0.575084877430514,0,0
0.556483634446582,0.702224666616182,-1.0009205668325,0,0
1.89431475667575,0.784161086687874,0.901521333998232,0,0
0.00685060995598374,-1.51819611391066,1.54856116090488,0,0
-0.0359160597651556,0.682693373083051,1.77940699176763,0,0
-1.21844912962496,0.0584087377716119,1.31807154961924,0,0
0.992819876767152,-1.52551019591723,1.21590548993726,0,0
-0.151747744883671,-1.8961561673317,2.10801851961483,0,0
0.066094587641995,1.94033765465701,-0.827485806552335,0,0
-1.08873947795741,-0.0539367290683425,2.07701249812747,0,0
-1.00843623515497,0.540348433506614,0.390313842148768,0,0
0.387650233526275,1.65152913692729,1.73864292001948,0,0
0.308386224286678,-0.186235377935962,0.846767196956526,0,0
-1.58502192803959,-0.449422812007132,2.08154456420942,0,0
-1.7429573800612,-1.02210318936302,-0.2180253557894,0,0
0.566731942816618,-0.664252766750636,1.85958497488516,0,0
1.65384497035865,-1.91766834684203,1.59263522377717,0,0
0.39670416540632,0.628936303813804,-1.59965908782057,0,0
0.255245922165793,-0.465265104683517,1.81608932050292,0,0
0.122606647067957,1.83557158181271,1.76960784613937,0,0
1.86866630196137,-1.33986724401137,-0.392786105739696,0,0
0.0526760138324541,-0.957481899265373,-0.666001126834871,0,0
0.718843433495861,0.116336507932985,1.77154132163069,0,0
0.409821631404234,-0.287726172263357,0.539049814850407,0,0
-0.969600544846725,1.74965364267249,-1.45683744771512,0,0
-0.896203609131257,0.289715555898301,-1.10227889239014,0,0
0.895787765803803,1.33399728352593,-1.14329209543977,0,0
-0.156786070554751,0.855781179168895,-1.26340295003386,0,0
-1.21204239976637,-1.79731548042249,1.95356822574175,0,0
0.961925346196205,0.6347438146677,-0.580087844634294,0,0
-1.4788160260161,0.238024690722128,-0.793720434004823,0,0
1.41015427199465,-0.561153963415298,1.45599084725529,0,0
0.459661657621914,-1.33786753509776,-0.963319436342377,0,0
0.241016262302044,-0.147015002806499,-1.05555567348481,0,0
-0.627633729055841,-1.76394968899733,1.52180762519914,0,0
-0.154653779398201,0.270040133520844,-1.97500456698727,0,0
0.025287638141768,-1.44623896569802,1.96347470968398,0,0
-1.19021190365274,1.6505909961935,1.74882467995861,0,0
0.136310168816218,-1.60809843497197,1.40655959082259,0,0
-1.59182498568869,1.39675884068466,-0.621848930529674,0,0
-0.821693174220457,-1.30855631930866,-2.1638366264647,0,0
-1.06913473512368,-1.11635604006019,-0.498406796123459,0,0
-0.794937324541563,1.64215762002428,1.41876541402396,0,0
1.52634774060718,-0.361021101927708,-1.81005403622482,0,0
-0.180883126106959,-1.77996967012039,0.797170067934733,0,0
1.08853074631981,-1.77393434809172,0.391243924984876,0,0
1.47129193209565,0.596792257991416,0.839779890190245,0,0
-0.30682098922713,0.345267906518393,-2.18352945144108,0,0
-1.63544063941237,0.0963633826429204,0.874966435012608,0,0
-0.602111639800948,1.05099046792405,0.234431895649588,0,0
0.874550294872781,-0.176118729295024,-1.95292180688243,0,0
-0.594018410062784,0.713303846801539,1.35249731387005,0,0
0.519639499698523,0.00899608561040223,-0.0827672818254617,0,0
1.31913520121105,0.739618518079117,0.300929971334978,0,0
1.37815441072178,-0.528880101186849,1.34431251182418,0,0
-0.389603724892132,0.810188805803262,-0.0926992210862046,0,0
-0.43093017162189,-0.133316253209468,-1.68279852787357,0,0
1.52768399507823,1.35303037046163,1.45158834354134,0,0
0.572514280619617,1.80019947629463,-2.00633745841166,0,0
0.940551161925659,0.905927727876973,1.54364439517221,0,0
0.424131239600195,1.75501615967671,-0.445403282660935,0,0
1.55672816706707,-1.5907564390697,1.0552124669812,0,0
-0.760935343749496,0.701580997366109,-0.188735849414596,0,0
-1.15067936133269,-0.905015142651596,-0.478366152655165,0,0
1.49347355033163,-0.63356476519613,-0.845119498113978,0,0
0.0363121101313268,-0.0616202714148107,-1.65301402660313,0,0
1.45774582564597,1.54655511953594,-0.779303828639621,0,0
-1.15853923021436,1.48415955682261,1.26398019736017,0,0
1.00530334847898,-1.62519834922782,-0.421267929617497,0,0
0.87749018913855,-0.434479101061759,-1.01807936475755,0,0
1.71131428706099,-0.0612263180847146,0.563166267223682,0,0
0.20483382422632,0.142602884766906,1.97078345336835,0,0
0.828976551261711,0.347081622158351,-1.6905551246128,0,0
-0.39893818394777,0.282256693652654,-2.12534451731006,0,0
-1.49446554874201,1.09369714883859,-0.588485447514522,0,0
1.6488505627376,-0.98817252920684,1.5584869028595,0,0
-0.800863091843453,-0.545888750840806,0.809471283287112,0,0
0.368104705185193,1.1983681955956,-1.58802551629516,0,0
-1.45837999728703,1.95593634029196,-0.323502681082354,0,0
1.31872624254224,0.840812360331277,0.0554349539130184,0,0
-0.860670317436391,-1.34031501586809,-1.03272988552935,0,0
-1.04652006187179,0.491893929203829,-1.75548759596738,0,0
0.0874970384065862,1.954917359097,-1.61703515791307,0,0
-0.855184218583706,-1.58298838783305,1.27741864268247,0,0
-1.18906337752552,0.864046534720884,-2.13282924242033,0,0
0.0942645962296635,-1.6443578970655,0.868957521118435,0,0
0.262404808739338,-0.643874977522033,-0.0783932551482138,0,0
-1.3868886088472,-0.0363847587123911,2.01551026608441,0,0
-0.903043515328783,-1.24250745107641,-0.470720014141283,0,0
0.852525524285309,0.883478329985924,0.722262830917401,0,0
1.77857949591068,0.75258968984087,0.860575780993359,0,0
-1.49725076854691,1.22696589601268,-1.20612863320488,0,0
1.02477584832821,0.397800450353192,-0.946139904470229,0,0
1.72744693756112,-0.52568899309029,-2.07667601543568,0,0
1.23553495379928,-1.57488232293133,1.91554668972345,0,0
-0.705548222420573,0.758403086055504,1.77190010536599,0,0
0.592534713336203,-0.136821512392365,0.893771560167088,0,0
1.74794432386112,-1.00283359686597,1.14166498567608,0,0
1.74937899698822,0.886070688613321,0.296020377754205,0,0
-0.585027449261361,-1.40955333269122,1.78616873764667,0,0
-0.879817467007921,0.716920694285157,-1.54884712280472,0,0
-1.2488329531296,-1.74770856482873,0.219955280074546,0,0
-0.652772007160065,-1.47010535792738,-0.64079917711703,0,0
0.0621215463328159,1.825389517264,1.67030383645646,0,0
1.63617117559158,1.89501169262315,-1.83160366400981,0,0
0.0652955293932367,-0.155983477871642,1.72209904731496,0,0
-0.898275241431244,-1.37608207552865,-0.910355174847374,0,0
-1.70142207618404,1.74456452626507,1.69687475915308,0,0
-0.288822678388868,0.332084918333761,0.446666398267363,0,0
1.37005235451204,0.445406697275248,1.36914501625361,0,0
-0.557446523300717,1.44637848584567,1.74049969549597,0,0
-1.37819585650274,-1.56591110087794,1.64379548509097,0,0
-0.453777829363216,0.153727391626817,-0.318408310193125,0,0
0.523466215696427,0.537925193014503,-0.809785387152059,0,0
-0.394473516053523,1.71272804550838,1.82825209054688,0,0
0.744858445809625,1.13474998499742,-1.28457071159835,0,0
0.744042838922932,1.97696579523427,1.93345955261586,0,0
0.232424494108577,0.970227306512457,-1.44479323430374,0,0
-0.244062613779609,1.47221747929625,1.47408995326787,0,0
-0.15621847007355,1.76921277922599,0.223514726436436,0,0
0.32162901697101,1.00030958484219,-1.86709852835515,0,0
1.58445065308932,-1.33099072143557,1.45278983740949,0,0
-1.33574218336426,1.07445470143896,-1.29421483447861,0,0
-0.299505292198993,1.81328863444033,-1.98635567821628,0,0
-1.07588125004342,-0.0552526057748504,-0.197418470675614,0,0
-0.24738700639801,-0.0377473396930056,0.221344172098196,0,0
-1.37345041170229,-1.64544681470186,0.115808892578536,0,0
-0.128162454653369,0.652645033879787,-1.10923722609227,0,0
1.70839412151336,-1.25510062959189,-0.161477182644279,0,0
1.02002594114286,0.210488054885562,-1.87337347796358,0,0
1.6701795590514,-0.672689599691185,-1.13179428864998,0,0
-0.08791370354257,-0.243541263166547,1.26862751389994,0,0
0.417606809580032,0.292633137498243,-1.60275592076813,0,0
-0.0334812306021756,1.91676503690074,0.416143728190646,0,0
-1.4642917212272,0.9756715023977,1.5642845778996,8,0
-0.935908620546455,1.91071653735688,-1.12767844425658,0,0
0.0179604313663611,1.10606255358432,-1.66965769193069,0,0
-0.459940081810924,-1.14808341128304,-0.0507416040565818,0,0
1.67695563782456,-1.2183880549345,0.737384606104046,0,0
0.114841262256876,-0.61065150307848,-1.34505023021117,0,0
-0.671878412562776,-1.41085855079139,0.764430030676811,0,0
-0.820894072578791,0.0307224900620352,-2.06500353005124,0,0
1.11726848025398,-0.204588437028885,-0.184765466587173,0,0
0.793674989204251,-1.4957981506604,1.15271766553733,0,0
-1.25045436099151,-0.170942896188869,-0.807880712633734,0,0
-1.63297195138372,0.936328084820241,-0.61273267094307,0,0
0.992381247091014,1.22336100627564,0.892487303613992,0,0
0.481589023530463,0.905914806723023,-1.84240017606602,0,0
-1.23315178811857,-0.896035587489389,0.0552504721964263,0,0
-1.64150503465512,1.64667816004201,-1.25326222776104,0,0
-1.4634437246347,-1.55354401564322,-1.02035076248716,0,0
-0.426280531276211,-1.14069834823144,0.981877724014625,0,0
-1.23416295444051,-1.412186625184,-0.150514058007026,0,0
-0.74221308335717,1.37259557301474,-0.496169870276503,0,0
-1.14706823015396,1.0013037692452,-1.03240844253746,0,0
-0.899991527442183,1.28653601755283,1.91168921185266,0,0
-1.18882187297157,0.715055152620172,-0.559090122289408,0,0
-0.0626767260567605,-0.197593444483745,-0.283057312027539,0,0
1.05335663277337,-0.87255444872964,1.6309864287445,0,0
-1.77244759394321,-1.52247232980535,1.86555147337149,0,0
0.127486729432934,0.722054849987096,-0.282608902207174,0,0
1.47015101389632,-0.361377234220018,0.67585529399952,0,0
-0.459192072218115,0.341996430541175,-1.38547412026542,0,0
-1.69572351414479,1.80282690623461,-1.19699279976802,0,0
-1.35086424227709,-0.548035144000294,0.518333885695633,0,0
-0.655342925336045,1.06895944313851,-1.96473456072921,0,0
-1.28923487146192,1.55076239615235,1.11390370644583,0,0
-1.37520687600311,0.907378439648574,-0.884522404760223,0,0
-1.03640032757167,1.41518624271291,0.707773103008761,0,0
-1.01709810503298,-1.92072939038215,1.63476302478543,0,0
-1.37829393598565,-0.747207988290728,-0.796994960179111,0,0
1.8552332668013,0.0559740367460035,0.336797778468355,0,0
-0.63434153838784,-0.395133240297809,-0.754076676678495,0,0
0.0500047252051725,0.934470612604292,-0.381380893101218,0,0
0.713725591650501,-1.12253234617447,-0.705939224821006,0,0
-1.50094678687915,-1.42626143482634,-1.62161749991938,0,0
-1.4258907446066,-1.44299325448171,-0.15576031857297,0,0
-1.68628884581151,-0.686198649268223,2.00598936047008,0,0
1.65627433732872,0.209964140090909,-0.782727675270931,0,0
0.684323524703482,0.516224008670178,-1.14387127732771,0,0
-1.51734458398316,-0.337603941263212,-0.972381364727208,0,0
-0.00455019454950702,0.285843198365727,1.33026757172327,0,0
-0.122626871946106,-1.3273935343959,1.70245605791204,0,0
-0.451002549190797,1.32731095630149,1.23685914277462,0,0
1.89150245261214,-1.10566818755492,1.74238961269173,0,0
-1.20738713339742,-0.173555328540079,0.567969153153953,0,0
1.21575877267335,0.998386284350922,0.966265718832704,0,0
-1.6177994468878,-0.0422825552514085,1.76339874063089,0,0
-0.355028209417398,-0.580806440093185,-0.638743413652005,0,0
-1.34129435544566,1.44335951748024,-1.05863191015819,0,0
-1.14288314364704,1.97363490366204,2.03671574901746,0,0
1.32193899406584,0.118430495745779,1.79797319467525,0,0
0.86005154142173,0.604358850346719,1.92237280984152,0,0
-0.861796623738365,-1.53659926106361,1.67443757630523,0,0
0.00459919729875903,-1.71800426606051,1.00302362494111,0,0
-1.56201263526084,-1.20172730025738,0.478506329955822,0,0
-0.532139748766295,-0.370651637653111,1.43400986692016,0,0
1.80824243304629,1.12936246136821,2.14384514938437,0,0
0.497959849728659,-1.63137237363582,1.25920465468959,0,0
0.649734630929755,1.12233299051692,0.153437156782069,0,0
-0.689583726520798,-1.18926671250573,-0.549675819046293,0,0
-0.335098420056322,1.04306388599769,-0.545052588181908,0,0
1.91043681487866,0.590656406775788,-2.11699010627247,0,0
1.37416337463961,0.834123193974516,0.451496493833609,0,0
1.74867818825172,1.48460052917638,-0.726526071438415,0,0
1.21146038462875,1.48467060246542,-1.90751977934095,0,0
1.09688787843665,-1.45690180975367,-1.79141486768041,0,0
-0.859263323670739,-0.633152259887952,-1.69448162622067,0,0
1.02070169977387,1.87134935390634,-0.283410836859649,0,0
1.87329273772848,1.67489938530927,-1.4196077597831,0,0
-0.761409281968636,-1.83656286562636,0.392684447391491,0,0
-0.359206877316316,-1.57430966483277,0.213828441223562,0,0
1.21080021822057,1.08069188650565,1.7176204388191,0,0
-1.58468992536353,1.11842815356602,-1.54540304837676,0,0
-0.494817718188836,1.90468805953473,2.10916070479767,0,0
-0.194738701030259,-0.571721313364727,-0.800953901981726,0,0
-1.28207471675279,1.1771128681534,1.06974825356863,0,0
0.336277506061622,1.05001926115172,-0.0575356635927505,0,0
1.81186858171322,1.71681778277646,-0.969443683703048,0,0
1.88541920005167,-0.150351402952305,1.58553765314731,0,0
-1.20700175301753,-1.06524033546971,0.631786443464583,0,0
0.183853142779455,-0.693651666295106,0.395972573828413,0,0
-0.416438841900266,-1.87675843891759,2.01283919171221,0,0
0.693648995228321,0.107106056311846,1.11356032588108,0,0
-0.85387890679784,-1.56901557894594,-1.92441852526239,0,0
-0.0933433987003168,0.509673165168636,-1.72687416183686,0,0
-1.22469542439285,0.694425488928187,-0.55561822780803,0,0
-0.473926457125951,0.0238799996120128,-1.54252827173073,0,0
0.880937597992447,-0.921274265021509,-0.517235288219686,0,0
-0.0290713714921308,-0.272874243203944,-0.690720088558097,0,0
-1.63546351278793,1.46664031129842,-1.29726246555307,0,0
1.10587976820051,-1.19675701595229,-0.778137020249611,0,0
-0.287052618824515,-0.062399575832498,1.68486208701324,0,0
1.85315893528536,1.53740390908324,-0.44311254492257,0,0
-0.802188777927652,1.19796567925266,0.5293108130557,0,0
1.34677744400642,0.103569619587814,1.37469448827217,0,0
-1.56533942423041,0.268098792861663,-1.09933679672174,0,0
1.49350324524934,0.435285468800035,1.85823704156835,0,0
-0.0831508440171796,0.274193566065729,-1.67482294109226,0,0
-1.46317103386394,1.63664821076577,0.457845830349302,0,0
-0.610515483054148,1.42614066803017,0.525566583311549,0,0
1.30697169108628,1.81590508737513,-0.0949096388217096,0,0
-0.825139484082559,-0.820601553170734,-2.0975685283354,0,0
0.354647883627358,1.75324632924952,-0.0819628478020564,0,0
1.30436896325254,0.438736534493774,-1.75313573954968,0,0
-1.60750192210518,-0.46445219960919,-1.09719244376778,0,0
0.794877770634715,0.230679697571163,1.50563380718817,0,0
0.77983797847515,0.994944519734957,1.39712929929901,0,0
-0.113458400502169,0.393713917144466,-0.668475466600344,0,0
-0.216271627182556,1.79197983971376,-0.3078156552928,0,0
0.260099329405183,-1.54211925503073,1.52391786867417,0,0
1.65334301094822,-1.56120431761154,1.21664001446029,0,0
-1.00155848857114,-0.788283438065528,-1.2538642886617,0,0
-1.0344688127405,-1.59088504483032,-2.10073694917822,0,0
-0.279847825211751,-0.623596646419546,0.345468838240758,0,0
-0.609591914614083,0.223135097543554,-1.05215875608213,0,0
1.41115307399472,-0.882720953701939,-1.10353622882532,0,0
-1.20417766290895,-0.843340387464755,1.5828132143207,0,0
-0.00180176130316536,-0.657990721029758,-1.30453965278137,0,0
-0.243724258913264,1.93233614499975,-1.30914162532679,0,0
0.268037427728597,1.36040504951447,1.54969701313327,0,0
0.617572551029131,1.5782333077178,1.43516760408177,0,0
1.84378704674768,1.07136658213757,-1.16751048651399,0,0
-0.995112580230667,-1.91382886741057,-2.02269925766344,0,0
-0.962210669857476,0.102029274438165,-1.97425235959206,0,0
1.15262413201318,-1.74086989060316,-1.28632216830118,0,0
1.28512118287226,0.0931653473189426,-0.667965689074627,0,0
-1.44641002129998,1.20724069667549,-0.864317066008791,0,0
1.78581404200318,-0.00419418013160176,0.249582810930031,0,0
-1.31779419767164,0.618815494092362,-1.92429326719783,0,0
1.64096914352125,1.92634532034895,0.332575389404896,0,0
0.0503702617428812,-0.978365235598698,-0.948928639588701,0,0
-1.28916106189773,0.360944694749444,-0.95383446234861,0,0
-0.553371559136838,0.647663203283354,1.25137369230141,0,0
0.631488427038902,1.86127469103297,-0.951664163110199,0,0
-0.692311903249555,0.12395404410221,-1.44646960257477,0,0
-0.540928977712801,-1.83094885733215,-0.51462074882833,0,0
-1.3158057044109,1.05550943328164,-1.58644820976591,0,0
0.627900148867645,-1.36733034887525,1.62253928487037,0,0
-1.17422353102712,1.64970464316739,0.0774795259785897,0,0
1.75183410126574,0.289336156770632,2.05587729418463,0,0
1.5368240379689,1.34660277650417,0.440862524908825,0,0
1.71120868732157,-0.703749945421479,-0.479667440158657,0,0
0.874416429524888,1.52899629676261,1.9262241086276,0,0
-0.469485486186939,-1.10273876954663,-0.161635831454123,0,0
1.09245842432946,1.15306767444991,0.186454191960724,0,0
-1.83572862810351,-1.46473552596078,-0.470497954802865,0,0
1.69832115414048,0.138159670963001,-1.79816556328279,0,0
1.90158173232468,-0.772786234989411,1.02989051101589,0,0
-0.518745733571149,-1.80607529385896,-1.5335735055195,0,0
0.965488434341987,-1.69436492413305,1.41206483237779,0,0
1.13768758929148,1.95451315496652,-0.919304090971677,0,0
0.806593527060402,-0.945356262528675,2.14916363255825,0,0
-0.0683388743622244,0.241882855330039,-1.55356837476556,0,0
0.00327893355683353,1.28282774763638,-1.2477913447108,0,0
-0.706460611430805,-0.0172362490051692,-1.56201540020048,0,0
0.765337959545231,-1.06059352066277,-2.17326119140207,0,0
1.25135222199242,-1.51988708999206,-0.603865452563156,0,0
-0.224690541943703,1.2897018079241,-1.70455673216124,0,0
0.0796459322354812,0.437718126234254,-2.11584200621545,0,0
0.643621346049585,0.536242140411324,-1.03643474182987,0,0
-1.33360270226864,-0.580562448966052,1.91576265602273,0,0
-0.567880582537807,0.636346987480128,1.80476957238049,0,0
-0.334817077271187,-0.88330418738594,-1.87674862381074,0,0
-1.55365595212775,-1.86624393496424,0.928500100581126,0,0
1.66889435677857,-0.731906092338479,0.425728139489829,0,0
1.31065156017245,-1.81963977494012,0.397034415725474,0,0
1.46678198414541,0.298776426839138,-1.48041045950845,0,0
1.6808393738738,0.251652113505763,-1.123092323331,0,0
-1.60253224312789,-0.893263372748736,0.487187134136719,0,0
-0.437527120045853,1.83327206526983,1.77051332297742,0,0
0.167629340606899,1.13620414624181,-0.730468498564095,0,0
-1.47857831435647,1.31533572150484,-1.71306933343637,0,0
1.17107723682833,-0.0580706069981198,-0.330509858303064,0,0
0.935085912922149,-0.146663509649106,-0.871994174856504,0,0
-1.67978733167425,-0.984517138129909,-0.217546231747332,0,0
-0.0442074870502139,1.59106732986475,2.12868897520073,0,0
1.62304672864901,1.52949174177472,-0.59151433988696,0,0
-1.72018264188668,-0.179911051942857,-1.19829566241171,0,0
-0.759940183211367,0.564751806743072,-1.05697168808656,0,0
0.026845223892724,0.0155913899971101,-1.31970496905447,0,0
0.441039620676348,1.94746264059782,-0.200171170918836,0,0
-0.873066498558977,1.74297601895781,-0.390479099313516,0,0
-0.268883436458556,0.14190150778034,-1.89703659263569,0,0
-0.48391384217323,-1.46902436468156,0.067506628011004,0,0
1.70667594392589,-0.812071628256173,-1.32144536940683,0,0
-1.40755408244427,-0.196145214215974,-1.28834859731063,0,0
-1.61176694808862,0.813559530985869,-1.5039790161655,0,0
1.78963663390375,-1.16997761922032,-1.43744470719388,0,0
-0.195051952656945,0.769938469736705,1.42985561785509,0,0
-0.469807587310006,-0.779191075746307,-1.28422710124129,0,0
-1.23061556832818,-1.62684303066571,0.428591727173984,0,0
-1.67202282180587,-1.72513752854645,2.10677795801792,0,0
0.623908232529358,0.131708141441398,0.255046452991919,0,0
0.320898642609957,0.219587158319415,-0.576585137738026,0,0
1.87629816148327,0.328382432510797,-0.516350683001654,0,0
0.418383991604522,1.35022206443733,1.96005506106452,0,0
-1.63109918789233,-1.59498393720537,-0.0717552792514008,0,0
-1.26155506900578,-0.105159390123164,2.10103404324187,0,0
-0.0699634153691498,-1.58238891489605,1.16243260696417,0,0
-1.87078417540136,-0.427321736057553,0.995941584019412,0,0
-0.199049290451936,-0.377336119259075,0.861137685941783,0,0
-0.885691477198232,0.933018042441771,0.133944548727525,0,0
1.6911136630829,1.10890258362799,-1.89309155174908,0,0
0.84453061313383,1.64287420625729,0.380783541369762,0,0
-1.25784135256634,0.307019052910826,-0.698650446747356,0,0
-0.0669582838523123,1.35664011737748,0.214004821496026,0,0
0.747250363815129,-0.0912938433267826,-0.527961872554101,0,0
-0.125124477362411,1.1597752604987,1.25705333609311,0,0
1.75475747080395,0.789719280304578,-0.289223462571796,0,0
0.832005099893811,1.68132032208531,-0.0612711085896644,0,0
-0.367586631306976,-1.80174438999898,0.632512591197642,0,0
-1.43038626751465,-1.29626247401731,0.934907450036977,0,0
-0.964855325866508,0.579511774189961,2.14255861717884,0,0
1.4066764252302,-0.0679491051691015,-1.75313094428031,0,0
-0.219902854590779,-0.78811990331386,-1.2371526604884,0,0
0.0155015545626091,1.31183042856619,-2.01903878873292,0,0
0.753605805914,-1.19097624056521,-2.17148175773919,0,0
1.01370993876888,-0.846503677173525,0.314600896621194,0,0
-1.28706835924176,-0.627772352285941,0.410358808141918,0,0
1.35276772947691,1.06276824800125,1.48565634445615,0,0
1.7230784912249,-1.68918228240076,-1.18187227376069,0,0
0.359912103032595,0.163703368194757,1.02180064356102,0,0
0.0321713605488363,0.251786019831555,-0.292417630275789,0,0
-1.1563092607379,1.40105264150078,-1.20191730352879,0,0
-1.87114922133355,-0.475618691324342,-0.466891015331802,0,0
1.45972561641486,-1.80157832903992,-2.14442154749943,0,0
-1.36804427003751,-0.814485022104594,1.47020000888251,0,0
-1.79163962860671,0.539511192360719,-1.91423085146138,0,0
1.69386343796709,0.341263681689828,0.168794205883122,0,0
-0.763907515253742,1.38933250438553,-2.06239043217637,0,0
-1.25312085337418,1.784074965472,-0.0702284956479249,0,0
-0.360152239622681,0.850705435512625,1.88313551157383,0,0
-0.13014420253094,1.88189991812454,-0.342699532268127,0,0
-0.227302750684906,1.69684220243978,0.841985099637603,0,0
0.0883071441353162,1.14145402760472,-1.56286903306008,0,0
1.34055342131238,-0.0851235138049987,-0.367206960557726,0,0
-1.66831876427337,1.74467341045647,0.927602808195873,0,0
0.229672431798274,-0.14571718816353,-1.70547100386955,0,0
0.739713799545525,1.45479623675162,0.89591096904344,0,0
0.624781074660785,1.2224996169956,-0.734702792286175,0,0
0.64488318345575,-0.975460359845756,-2.08220396290014,0,0
-0.0819965917973329,-0.257659694361876,0.126187618941297,0,0
1.80945711918803,1.65872979961174,-1.15957855115993,0,0
-0.34838230670944,1.68967853058411,-1.52513798184744,0,0
1.35312910206666,-1.89371750137387,-1.93473760381903,0,0
0.999757305424349,1.91677419474465,1.50602037048486,0,0
0.147608885751075,-0.31914408992311,0.999432754734588,0,0
1.44668571833825,-0.810913904539902,-1.2854175579927,0,0
-0.101466999045746,0.255368081557991,1.0060331773048,0,0
-1.84721918065371,-1.38628521917515,-1.10302375351769,0,0
0.889920427494383,0.416958851407666,1.33353829367077,0,0
0.847406795099274,1.62459232435768,1.49875208239379,0,0
-1.1652609571572,-0.320436701618894,-1.70525681820755,0,0
0.579176150146324,1.06395224099005,-0.599865420454582,0,0
0.183278265573371,-0.751402739699017,0.352849716462878,0,0
-0.602745803230813,1.06557307992018,-1.85690554807281,0,0
0.548145155080894,0.234257101004013,1.40406349671071,0,0
1.27572408039873,-1.27305798735422,0.499954932135278,0,0
0.818445939263592,0.439603030927654,-0.341078561151719,0,0
-0.552427156787851,0.289802159469651,-1.09534994274632,0,0
-1.39004162604883,0.56342817716173,-1.0595746690262,0,0
-0.402082192250509,1.42379432587494,-0.467629242851539,0,0
1.65218036707144,0.495584838628962,1.43413841799955,0,0
1.18135832632591,-0.529150190070806,-1.57366580325301,0,0
1.00756168983226,1.51823864375126,0.188692515795227,0,0
1.76275678766388,0.551881217995017,0.315983462776501,0,0
1.90220798673302,-1.39762754733228,1.24516749513343,0,0
0.428457895024409,-1.88816145261581,-2.1419091421831,0,0
-1.76639987751711,0.0890884919751532,-0.751073267968994,0,0
-0.598468403184237,1.53016263001992,-2.06310703492421,0,0
-0.822065330390453,-0.64639982920976,-2.10102629413307,0,0
-1.43237572958845,-1.60625450154898,1.78393016782305,0,0
-1.71375538629736,1.89701188415276,0.653564630572089,0,0
-0.46966531613607,-1.70760228918268,1.04399775520048,0,0
-0.596821677774845,0.977639534732452,-1.94857642832074,0,0
-1.21764956483043,1.61264246567464,-0.245429224976664,0,0
0.486774120839864,-0.782755680275762,-1.95213111383149,0,0
-0.364940563700102,1.08633514096467,0.42742044340168,0,0
1.75676963356727,-0.426853563867318,-1.86824439831328,0,0
0.60687381276888,-0.815725285017376,-0.568960512642938,0,0
-0.627761535336963,-1.07061942198589,0.757216939304788,0,0
-1.12828971041453,-0.60749923142918,1.84704805943969,0,0
-1.43943206455293,-1.29411326727039,-0.0771544336965539,0,0
1.91001123141294,1.26449791797379,-0.140339653446259,0,0
-0.435559631608964,1.80326623003051,0.680789930892337,0,0
0.259381629315341,1.45041078633559,-0.448054002698872,0,0
0.90875156689012,1.4417334071791,-1.69904310672996,0,0
1.4339664300856,-0.0505048968539212,1.59790677263198,0,0
0.298109421831226,-1.3562547696074,1.64239797534973,0,0
-1.8361600873231,-0.943304692921975,1.53669599619114,0,0
1.56902732873349,-0.612857986035675,-1.40098201839786,0,0
1.05303937837238,-0.577563292489286,-0.19205727852663,0,0
-0.423282346166821,-1.01340516263496,0.626202955098769,0,0
-1.52043289261875,0.688355027163115,1.09413063738917,8,0
-1.68927867822903,-0.665681925019301,1.54278327837203,0,0
1.24514877373543,-0.260624325091972,-0.288541979579186,0,0
1.27619282475254,-0.819351337785422,-0.558987614675352,0,0
0.612135688071553,-1.30073950378481,0.619029746357729,0,0
-1.37292614656637,1.65947774949868,0.542551898169319,0,0
-0.578064404619742,-1.23031040085614,-1.14043237474506,0,0
0.903630397960011,-0.362021687150896,-1.29170949097338,0,0
1.57274012595174,-0.00451471287944489,0.446788306628228,0,0
0.769844158879616,1.36114869599937,1.03641854901002,0,0
-0.959291009970053,0.0140013454347242,-1.02053120107395,0,0
0.571721122035113,-0.534301844024017,1.12525212697904,0,0
-0.810304449769018,-0.719758785322196,-0.317803267054014,0,0
1.76422733875519,-0.728617973863883,1.18064283020999,0,0
-1.275677911472,-0.251646024366443,-0.789370002037026,0,0
-0.286986605814533,0.87942720564729,0.0755193682600633,0,0
-0.919618398887499,0.325317209643828,2.10242653095833,0,0
-1.51912305025913,1.68170079501078,-0.253980710754085,0,0
1.27008238255058,0.78513146051425,0.211510957483034,0,0
0.119859688294894,0.284674703828052,-1.44382424570702,0,0
0.661637194706955,1.80552625599442,-0.677520735549212,0,0
-0.325254422886165,-1.56059358211395,-1.11176713105432,0,0
1.32664842718108,1.96870338281881,1.64986541238518,0,0
0.926199898309825,0.957689533043886,-1.7132558691115,0,0
-0.55366690454749,0.811394983618767,-0.119901557360464,0,0
1.73114325787258,1.55108453731609,2.09936109047409,0,0
0.581503557067781,-1.19925113348523,0.375374145476372,0,0
-1.74395698615841,-0.4892276661341,-1.22696805092223,0,0
0.3904513510755,1.07616826285448,-1.10805024254526,0,0
-0.298476918375387,1.54307337168951,0.669932448965037,0,0
-1.58565841254721,-1.44548220829712,-0.00561408721251684,0,0
0.130294095560812,-0.922445185411641,-0.162088519258105,0,0
1.78209153451495,1.72477539992241,2.10652567947294,0,0
0.817551558309892,0.880650612580379,1.47183064747255,0,0
0.227004823597987,-1.15197395677898,0.0794297418899462,0,0
-0.954052130251542,0.0351128241141039,1.16052650712617,0,0
1.0811429922696,0.504277404223958,-1.87645599292716,0,0
0.601516595278734,-0.00844009887162185,-0.19502835029608,0,0
1.27969736081169,1.8856824680264,2.08939970945388,0,0
0.588622771897216,0.229945131383188,0.099031614667074,0,0
-0.0530839968446989,1.04498167517842,2.10643779252083,0,0
0.00483676638169022,-0.872522198303025,-1.28486738662404,0,0
-0.433293259025554,0.0562839227476348,-0.800685783964515,0,0
-0.16471785122509,-1.12902459334219,0.0479296770698111,0,0
1.2188644836359,0.968812513596478,-1.71908055841351,0,0
1.6544612355426,-0.909019673106552,0.21846716636557,0,0
-1.31719269227515,1.79821131732165,0.223673392455395,0,0
0.973805156149726,-0.268309769620604,1.687096771626,0,0
1.83276942109621,-1.16433408103053,-0.901713326029832,0,0
1.82947983313175,1.35587569377192,-1.22254064258146,0,0
-0.54453407639184,0.93792954247561,0.55059674151692,0,0
-0.379753532277495,-1.703850141352,1.34865020803431,0,0
1.73879904725449,1.63418307391322,0.16577169708018,0,0
-1.47249964550393,-1.31401635576412,1.24876781111968,0,0
1.6772171137427,-0.765942306726875,1.86590428048226,0,0
-0.56151085088889,1.11234842174197,0.234595861063775,0,0
0.149356158725676,0.81987069953477,-0.00746956289464734,0,0
0.171164217163947,-1.87641476432189,1.30255370967964,0,0
0.840288449013554,-0.0843116195785556,-0.305908218205311,0,0
-0.334714695691467,-0.420413459298825,-1.67479526174866,0,0
-1.29700719382475,0.20155619021277,1.1189597900903,0,0
-0.584063043667677,-1.20702488123287,-0.533870783266652,0,0
0.505341126723275,1.45854069648202,1.07720679754065,0,0
-1.65991916289825,1.60946354157942,0.0926460883940932,0,0
1.36117552679809,-0.208343888361538,-0.115521860785857,0,0
-1.06934078324452,0.760369357617318,-0.332076428368937,0,0
0.173703917242615,-0.2124831507897,2.13819973452311,0,0
-1.35900622793167,-0.720395384110988,-1.84549349126793,0,0
-0.642513669715025,-0.558493982896215,-1.22840292873901,0,0
0.484123140978771,-0.242457886034877,-0.525877904361313,0,0
-0.904509211727891,-1.15041261190316,-1.53648649045083,0,0
0.536609450882292,-1.64408938922792,-0.142980392197291,0,0
-0.0308856271753574,-1.87004143775132,-1.84719735160689,0,0
1.69021288654601,-1.90688000802873,-2.04507486629655,0,0
1.38336470956906,-1.00206417923395,-1.78521360041782,0,0
-0.467483054947266,1.55816292937322,-0.174897375168995,0,0
-0.683071488136448,1.81527250187139,-1.48786060644447,0,0
1.27318827682603,-1.52173081996824,0.373529185576023,0,0
-0.159560026800713,-0.0772874064134991,-1.0119994187213,0,0
-0.676694620568203,-0.621634766754584,1.7129633353542,0,0
-1.50612168774091,-1.53424263070299,0.447209212233054,0,0
-1.63128701276324,0.0848896834905649,-1.84692273158098,0,0
0.74421001762566,-0.821426243563618,-0.37281407703892,0,0
0.662789563320396,-0.540489842400462,-1.65771130930319,0,0
1.56230042120886,-1.60584307824946,0.873156407591826,0,0
-0.730647696638833,0.651554318065467,1.21041672965306,0,0
1.66979493406232,-1.66793499156416,-1.97236060911937,0,0
-1.10989486633363,-0.668825768678756,-1.91714379185147,0,0
1.13567071972608,1.30088684340647,-2.15932248620715,0,0
-1.02375530937936,0.408281545236589,-0.0462037820316978,0,0
-1.76115331902515,-0.417957087081313,-1.35410505123136,0,0
1.40060405366264,-1.70376694346219,1.38978180777297,0,0
0.727665354127388,1.01371724491678,0.604343947911756,0,0
1.70503887211002,1.12275644911002,-1.71980753420871,0,0
0.69246880821902,-0.888441845475087,0.45379797512146,0,0
1.32866520996066,0.502142041896386,-1.80431312899476,0,0
-0.501673987940263,-1.63615011787627,-0.133740526621207,0,0
-0.38577511377542,0.223032477324689,1.02263044989426,0,0
0.281058890904164,-0.841268178497339,1.16954709212982,0,0
-1.51622529936205,1.87520291404741,-1.08883525801341,0,0
-1.14107949265902,-1.08944067060309,1.06774925285215,0,0
0.358570241135237,-1.5014341147896,1.86492358766249,0,0
0.980204543751292,-1.23993183347669,-1.54720768731984,0,0
1.42040026460035,1.52650742323115,-0.0849776286999035,0,0
-0.464013511282796,0.00312771040116941,-1.59485254141024,0,0
1.16014921044589,0.40633747309856,1.36484844577996,0,0
-1.65633736001145,1.36170589487646,-1.99724678877959,0,0
0.493097159949384,-0.435969376397732,0.456760002994641,0,0
-0.521652889216712,0.0988691586822718,-0.0719928278059384,0,0
0.358043607100809,-1.69585195618001,-0.84179350251257,0,0
1.5974370601092,-1.84411630236209,1.43249064722903,0,0
-1.11955891046049,-1.28852366712084,1.1280160748976,0,0
-0.474329013127007,1.87612281025415,0.875904641563463,0,0
0.675560639679556,0.89400687633153,-1.75770305091218,0,0
1.04349610910452,1.52393793640559,0.217241112052901,0,0
0.1082315465769,-0.180436774950962,1.31416438397092,0,0
1.27144117388078,1.95907761851437,1.01661373014782,0,0
0.126670567294142,-0.705523988018955,1.31229193807645,0,0
0.0302848654162141,-0.341816045864277,1.68116531393543,0,0
-0.280770451405828,0.48720642229567,-0.505554743907762,0,0
-0.500137003193442,1.91487763884338,0.908455129526472,0,0
-1.4086747999169,-0.871794026549,-2.05233702794256,0,0
-0.744080645898665,0.39131249837666,-1.81206914163637,0,0
-0.825798826911065,0.0455102238946107,1.00074155958459,0,0
1.05141043431372,-0.539725830250127,-1.1763251269973,0,0
1.08167081473834,-1.16938237669995,-1.5737913235035,0,0
-1.33124189697767,-1.13561274242208,-0.191142277961679,0,0
0.0826639948386951,-0.982521825674743,0.914417548440162,0,0
0.393463830162785,-1.64753672901664,-1.04356369176312,0,0
0.0458342984163644,-0.0931742256619154,1.77476366571802,0,0
-0.409608754897765,1.40156790296315,-1.21567477446842,0,0
-0.257474894732022,0.212724036719536,0.223710828355095,0,0
-1.83340763801891,1.60586947831516,-1.72047876563007,0,0
1.61853551964775,-0.982713717081575,1.91003324245712,0,0
-1.57598744415214,1.49502718971878,-0.319804695268061,0,0
0.0516583226341702,0.20225393982462,0.821350697148366,0,0
0.397856607522034,0.33075258615498,0.997100596680168,0,0
-0.264871069662955,0.474613239218601,-2.01759374032896,0,0
0.249196554152511,-0.0672285339328733,-1.59530104334999,0,0
1.12317897148136,0.429111854934947,2.103260059522,0,0
-1.24023202194814,1.52020905905954,1.03160331705793,0,0
1.8129698875016,1.89976715989282,0.934564160579299,0,0
-0.0771703564880408,1.79236536961559,1.80947987630706,0,0
1.6581353333721,-0.643399798732748,-0.528283746786173,0,0
1.54857978937158,-1.04378478533649,0.160585561114079,0,0
0.977838846574203,-0.95117343938738,2.09110976608667,0,0
0.695188350644792,0.581274132736132,-0.839481586427009,0,0
0.586578388571876,0.656498095895447,1.84364214673118,0,0
-1.59954179966739,-0.491098218247259,0.376449117928448,0,0
-0.267134557060815,-0.836535655102605,-0.710344246127307,0,0
0.140850630835981,0.962499364406101,-0.550847221257802,0,0
1.70743451216429,-1.53159712410238,-0.153086053428326,0,0
0.830804858276778,0.448995678018246,-2.09668054709385,0,0
0.877458554823556,-1.20393976528097,0.213469147288605,0,0
-0.0900051672867648,-1.75252490648922,0.145603563423842,0,0
-1.42064307561044,0.784678477499479,0.27469394713385,0,0
1.10037018492928,0.558983465332351,1.81289786070384,0,0
-0.211607455526348,1.87746214994429,-1.16485484871827,0,0
-0.237096243824379,0.822811189429261,1.18206372916359,0,0
-1.77354772900866,1.75676349873848,-1.96429341720473,0,0
-1.32068887121458,1.45954918055085,1.60239152376971,0,0
-0.270798310552555,-1.40152506567152,-1.34195066101427,0,0
1.03966456055366,-1.53408597391359,-0.542504360573514,0,0
-1.86000655946247,0.306344702420385,-1.31318715529946,0,0
0.417635806668945,1.84338808076236,0.298588893897301,0,0
1.56622034871393,1.90737264982066,-0.182310818098869,0,0
0.809645926736836,-1.24370076886324,0.220295117586144,0,0
-0.879577660090771,1.67882438539111,-0.934020748398381,0,0
1.35892606416499,1.52965956715599,-1.13940467573286,0,0
-0.609269723162923,1.31950884642478,-0.533519032998025,0,0
0.321364003202563,1.53164992572667,-0.0966321821861397,0,0
-0.232086472457445,0.356221274459568,-1.74897761235986,0,0
-1.68189328864948,-1.50727275118253,1.7794161439801,0,0
0.897665414982322,1.55646645749069,1.54827935556716,0,0
0.206826197167193,-1.18290551519744,0.36547371408124,0,0
0.979131264467613,1.44725565639529,1.0505925827836,0,0
-1.68502796836272,-1.33849241790413,-0.933261004422947,0,0
0.841232714099263,-0.269799961935677,-1.55738687095317,0,0
-0.745857153294815,0.814607372435303,-1.54939279145896,0,0
-0.799932341434445,-1.0931516519274,-1.281120031907,0,0
1.27829548298125,-0.18469734916066,1.1405788040161,0,0
-1.54953156167132,-0.415901384675955,-2.1931949419688,0,0
-1.71588967795549,1.00062778023238,1.52407516505001,0,0
-0.551702751165476,-1.63258368962396,-1.47766000556093,0,0
0.184635086511345,-1.07105394516666,-0.927384497462307,0,0
0.439943942682374,1.24491124311401,-1.22812327757761,0,0
-0.845974037700155,-0.190034052138819,0.087732184436074,0,0
-1.09754144847841,-0.133379729530049,1.8340890135053,0,0
-0.426600798384768,-1.34259239411247,1.5295131483209,0,0
-0.0807645918855717,-1.89007589085405,2.13451834639442,0,0
1.29975030721382,0.216831230272282,0.322401967788305,0,0
-1.41611980869437,-1.39429779798167,1.61731671214556,0,0
0.692295233933096,-0.189962978949711,-1.94350061796857,0,0
0.0110026620624726,0.619812530400146,1.14460508407479,0,0
1.55351853806166,0.886486396156221,-1.31842049789358,0,0
0.218592500130903,1.38793273095395,-0.729179552020914,0,0
-1.38914095312358,1.64372858802597,2.02343356246257,0,0
-0.196954925581939,0.603782530205374,-2.05504494196922,0,0
-1.14673290924885,-0.394358682668515,-0.678681929718413,0,0
-0.223994573730294,-1.43093315225407,-1.09940989496996,0,0
-1.02184255533883,0.168630627602551,-0.117092336308615,0,0
1.77738651419271,-1.04238956801892,-2.07621874595781,0,0
-0.172545332172092,1.15596141627905,1.60047224276165,0,0
1.07772919166519,1.9857053725544,0.765129229947527,0,0
-1.27634801928379,-0.245545460682669,1.01273276082227,0,0
1.41876398448364,1.69458320921937,-0.636050130410294,0,0
-1.09406249386647,-1.85526513069649,2.12834435355507,0,0
-1.20130546600642,0.526401342852207,-0.0567686725551514,0,0
-1.25097350842107,0.0288432864412217,-0.952565224291713,0,0
0.271860448244824,-0.136908354078605,-1.47291745782599,0,0
0.887691643795532,1.46728577963877,-1.37858629433349,0,0
1.45341534456136,-0.0497311238177491,-2.10221331108601,0,0
0.816350919957707,0.176488156210937,0.559912318089853,0,0
-0.0621080992004667,1.14819293716546,2.09416095134959,0,0
1.24179285926936,0.856346776841668,-0.216808501267339,0,0
-1.81495128316356,-0.307164861000066,0.248350020767152,0,0
1.91056510556632,0.959504600738505,2.09771303221011,0,0
0.53668185770433,-0.780126117337267,-1.1287995371378,0,0
-0.248432928667558,-1.33722866828745,-1.29549487682305,0,0
-1.77014339868488,-0.393102690488257,1.41157300902089,0,0
0.987159352596219,1.32826623035953,-1.89584889440425,0,0
-1.08459799955119,0.0739659713447934,1.55702170865527,0,0
1.92328513946851,-1.30583664858697,0.976393085819704,0,0
1.57257953145852,1.33912026607441,-1.72297725990739,0,0
0.831719493091355,-1.51634960045354,1.50035005808288,0,0
0.901961824664576,-1.87383600834968,-1.5724442911345,0,0
-0.081031575160668,1.4166262146819,1.57754205115254,0,0
1.40241697213586,1.88926717091225,0.148462012668612,0,0
-1.24898056960126,-0.561807378041808,0.446247185229646,0,0
0.481657077778227,0.310428692087685,1.95567507193495,0,0
-0.766255516980347,0.603820717082511,-0.257473340194862,0,0
-0.143204171155536,0.661451257824103,1.29292612577153,0,0
-1.704547321925,1.35065982178393,-1.23368035298826,0,0
-1.2024006091164,0.975636631794983,1.61167561677225,0,0
-1.65779152895189,0.133729054440304,0.963444322837892,0,0
1.71392125854395,-0.923115405840377,-0.909242440534707,0,0
-0.574513566557363,-1.72447964173914,1.99451643603649,0,0
0.0918852577394295,-1.41364985395286,-2.01542117556113,0,0
0.499980057891214,-0.687128669463197,0.964126086237852,0,0
-0.975700677248134,-1.31121528715522,1.52334143923239,0,0
0.0849375848138301,1.18746448601287,-1.87743754620269,0,0
1.18953985266032,0.871532729089048,0.893001306483678,0,0
-0.553513496451059,0.9730118685593,1.76182712120811,0,0
1.38787533143771,0.959449698378583,0.0826504085946818,0,0
-1.74714813775544,-0.425797459557521,-0.213585608512917,0,0
1.81504437222106,-1.48510183093562,0.909680245436204,0,0
0.955884893211451,0.0280218283895397,0.562312248677438,0,0
-0.83881151674923,-0.1142584096238,0.857579202278052,0,0
0.697232077763106,-0.0613879314955497,-0.869888237709515,0,0
-0.554720216894822,-1.65548601031682,-1.44475729053557,0,0
1.72384946894921,1.28592701910792,2.0876692660932,0,0
-0.590182810916856,0.622259700982501,0.754867702721831,0,0
-1.75751477327027,-0.11033428627916,1.53536056580279,0,0
-0.533274874455285,-0.734050884380605,1.56832416566597,0,0
-0.405714151139169,0.213842967779793,-1.30828369221296,0,0
-0.520489958415404,-1.10144854264902,0.471162242797727,0,0
1.77309740691686,0.862433996968451,1.11767273654981,0,0
-0.418590428731454,0.457271157558472,2.12731645511959,0,0
0.199855182399743,-1.21312061875663,1.24477017816424,0,0
1.64132492462495,1.48921357728488,1.67033714115618,0,0
1.60913236164973,-0.547394221738468,0.44289635383788,0,0
-0.954902652488362,-1.75036682562916,0.192586296801006,0,0
0.849313714122124,-1.38910546013809,-1.07430132089972,0,0
-0.550922172096243,-0.724211435226878,-2.0069059919064,0,0
0.230076703147523,-0.357949500136187,2.09331721980513,0,0
0.947754079902145,1.88292857900907,-1.94633124311072,0,0
1.23958046303479,-1.28430571638869,-2.0198748045199,0,0
1.42959892599536,0.870568945844903,0.710176319525078,0,0
-1.74172293863423,-1.91957858750707,1.84223952790728,0,0
-1.04127459528707,1.97268938227898,-0.138392152525925,0,0
-0.482355957099771,1.48023215187162,0.435381376115117,0,0
0.89016176998911,1.54345883225521,0.945588392760571,0,0
0.783277206437667,0.270632328900478,1.67024910742044,0,0
1.58327393839817,-0.559118550040702,-1.74615287374746,0,0
1.33810723206338,-1.22110474237768,-1.72528925495242,0,0
1.08305276813977,1.61875730804093,-1.28238385314177,0,0
-0.353530845051654,1.53220944918896,0.511799807302016,0,0
0.315736323034611,-0.615209154350923,0.865893834951656,0,0
-1.58770313947353,1.63498991846184,1.52589733299552,0,0
1.44221733725093,1.8348181707927,-0.315977082298516,0,0
1.75908963801296,0.725898932973089,-0.551133556642067,0,0
0.0446478212066428,-0.788760026385481,-0.665166150680917,0,0
1.63768455636796,1.80691152083946,1.56315371429006,0,0
-1.36651452482166,1.35419010310122,0.458177831639609,0,0
-0.970101368071433,1.33641533658026,-2.12532230641594,0,0
-0.0145666864963226,-0.141668579084477,2.02457627201728,0,0
-0.0750518173408276,-1.63624415044971,-0.950095050144457,0,0
-0.223638806795716,0.224402793846103,-1.47135480941382,0,0
-1.72885258373101,-0.377381320033802,1.59760199919906,0,0
0.572572292508835,-0.371805004140598,0.51619369127378,0,0
0.843518566555774,1.3903431743673,-1.13075683409398,0,0
-0.540574066238395,-1.54487076107453,-1.35155491543576,0,0
1.72208551273011,-1.88654725535769,0.690265066333625,0,0
0.948264105965479,-0.0505862710208764,0.308022040109427,0,0
-1.68497184539332,0.525880191467518,1.77978470350522,0,0
1.85067409889621,-1.81059945942678,-1.02529944910421,0,0
-1.04964969826652,-0.6325527741785,-2.03302197746643,0,0
-1.74046448587483,0.113160586274939,1.96294447355701,0,0
-0.886550578832725,-0.611548927990794,0.681092184708303,0,0
0.861960124429739,0.651950547627936,0.650709335656933,0,0
-0.935272113014025,-1.40427639837498,-2.11844682448123,0,0
-0.984635316712585,-1.68497960933889,-0.0345209205630056,0,0
-1.79821731677882,0.594813297004318,-2.07981145450277,0,0
-0.871653203966071,-0.811387726712939,1.42842578230911,0,0
0.753126365651328,0.450968404226971,-1.12728668583166,0,0
-1.74627093862189,0.0488229329773803,-0.000825495983300009,0,0
-1.63932914336799,0.902123018693294,-1.36630266872161,0,0
-0.365463679366761,1.47397169449566,0.240840596527145,0,0
-0.01431640594826,0.599145766401268,-0.50715466523919,0,0
0.522053291271587,-0.214584810281063,0.603643594618011,0,0
0.873326961144507,0.705502956693438,-0.868088822239101,0,0
-1.58615760455284,-0.497614169250461,1.22381617304616,0,0
-0.275168817609092,0.817797341047198,1.32940001871395,0,0
1.82542615628839,-0.330498391336221,-0.7350663085282,0,0
-1.02703690862104,-0.239861043366552,0.967097702625188,0,0
-0.0154046575560978,1.38878442777197,1.29992575223981,0,0
-1.83500336170754,1.00404839367746,-1.03800486203501,0,0
-0.894543878247647,1.45344549765326,-1.40848405182897,0,0
-0.149072814794454,0.829997214890386,-0.82126054472144,0,0
0.940163355970808,0.151514466795158,0.823005340429717,0,0
1.88983192929258,-0.537466676461823,-1.17368632275329,0,0
-0.614596776383506,-0.393189804045137,1.12022225990336,0,0
1.71537104302962,-1.24012721905987,0.514160405950311,0,0
1.78026628182921,0.148343314733445,-0.364208114288396,0,0
-0.00409486214633537,1.33994237643317,1.75388372559552,0,0
1.10736026955114,-1.78705011945368,1.94001457956437,0,0
1.17652133311789,-0.748689779073164,-0.115383236300179,0,0
0.6997481721002,-0.146644504249184,-1.73544700108953,0,0
0.332749038371312,1.19717618059828,1.15724997153459,0,0
-0.620442206588156,1.11649564322874,-1.12133850088097,0,0
-1.87313541122792,1.04828119762283,-1.03523046109733,0,0
-1.62785843997339,0.663006455504029,0.968975850810647,0,0
-1.55121825017719,-1.85017332112756,0.943884182165497,0,0
-1.82827299160602,-1.06301751199226,-0.00394058881454403,0,0
-0.601129834537004,-0.960916266810361,-0.792699317985397,0,0
-1.42451479979448,0.674913059385753,0.12013794677586,0,0
0.379599948597229,-1.5238179836455,0.339912408678086,0,0
-1.73621722618744,-1.46479271732552,0.503946067131215,0,0
-1.84172946159275,1.50494562003044,-1.67796783606209,0,0
-1.26350609293384,-0.164053050982302,0.109897522987092,0,0
1.2859856147498,-1.35131287023933,1.80464126627792,0,0
1.03854473662069,-0.812146669114456,2.12768462895807,0,0
-0.840617891749149,-0.614886640049286,-1.63489886246133,0,0
-1.16245805784206,0.984276568525478,-1.59061386543755,0,0
-1.01945231991545,-0.333017300187202,1.30001376876643,0,0
-1.64243188767259,0.413458597199037,-1.91225594148179,0,0
-1.65030559800613,1.53165861463934,1.92361107655228,0,0
-1.314626000037,-0.616321522198477,0.191686462528186,0,0
-1.71501954212457,0.786334228086623,1.4917324832287,0,0
0.109041676216008,-0.10856402979966,-0.910480650556621,0,0
1.12370011587023,0.242496762955868,0.399045095357475,0,0
0.764353242528651,-0.99511915705987,-0.195867664159405,0,0
-1.624914220586,1.13083329886573,-0.191354814585501,0,0
-1.80983354847211,0.786814430096529,-1.14056881468539,0,0
-0.196389583303057,1.5893016623427,0.835662577960534,0,0
-1.27869740338444,-0.13559993191908,-0.591006887616417,0,0
0.856043145519933,0.48846950683283,-0.0817359547268255,0,0
0.799301571265977,-1.90924666202266,-1.62714907749487,0,0
1.48881564762217,-0.165620192724045,-0.298071985778629,0,0
-0.641007963284244,1.3219021619878,-0.280147779042292,0,0
1.81460476753286,1.33463805616767,-0.873583032751362,0,0
1.86762050278599,0.745839068859296,-1.29538160743809,0,0
-1.72909692919203,1.33604120243737,-1.49782392804551,0,0
1.52055572618585,-0.639416241546744,-1.26666863882126,0,0
1.24985305903494,-1.07272309496217,-1.5881259932336,0,0
0.876523342029652,0.274837900395321,2.02132624959865,0,0
-0.779230207029688,-0.812364461217514,-0.914696864584571,0,0
0.031021904573601,-1.03888767893718,0.669617755995572,0,0
-0.248921219312181,1.2899849684944,1.05502575921492,0,0
0.4420554610343,1.90685175844648,0.802109733938437,0,0
1.64432853561889,0.730040936915593,1.23079097688399,0,0
-0.964828759665973,0.209129330271377,-0.821882393067845,0,0
-0.844035262969927,-0.963011429688205,1.79907799153654,0,0
0.917444938247684,1.66655226420608,-2.02807842928876,0,0
0.980363167852294,1.27329796917733,-0.756744198886822,0,0
1.66136341410439,1.647226347046,-0.961976578702297,0,0
-0.11814470696895,0.983730512695366,-0.615878253265216,0,0
1.39549647911049,-0.995376845723218,-0.11102351039779,0,0
-0.691307609832794,1.69245710873991,0.584125810640006,0,0
-1.08686093258252,-0.968174260444145,-1.30796539848918,6,0
1.62422439089956,-0.0434965634887416,-1.06142978736612,0,0
-1.67755136954873,0.454177849906979,-1.14784697979637,0,0
-0.314309222653693,-1.78619781411983,0.943407519026924,0,0
-0.142445445285763,-0.550380535520596,1.60692147717967,0,0
-0.296414489799595,0.645467012180831,-0.0195120108532578,0,0
0.671548426973056,1.47178067988311,0.303957127611367,0,0
1.00074306652741,1.50344474995036,-0.195337046394995,0,0
1.58932296546718,0.298880424657555,-0.0769374652193775,0,0
1.24054566475549,-1.05152787647633,1.79444701353334,0,0
-1.52193921363479,0.7982894530217,2.14447760461964,0,0
-1.20147130484244,-1.3767736870678,1.62539458383473,0,0
0.564522448593418,-1.77715965714989,-1.78770934224899,0,0
1.44719284947477,0.573561801295965,-2.00627446798796,0,0
0.374723510350895,-0.943484016241762,-0.0601082552592823,0,0
-0.87997690140505,-0.596644957599404,0.722790094928919,0,0
1.48320914496412,0.458252423544489,-1.6601455639775,0,0
-1.16426073293246,0.255352276568156,-0.739118614843113,0,0
-0.0187339438317584,0.68561884987937,-0.580222873427165,0,0
-1.84078355111885,-0.678285722911467,-1.77162963076689,0,0
-0.507227625639243,-1.26892195361799,-0.936999752557708,0,0
-0.196377155220177,-1.61170446419368,1.9310976470871,0,0
-1.39992558454434,0.0736638391303133,1.48804245612411,0,0
0.496629989069663,1.77670334542002,-1.94147278894697,0,0
-0.727840486371194,-0.534084684157046,0.351841948643161,0,0
-0.966677369248241,0.350421784701875,0.325921915181255,0,0
-0.514090189133368,1.16872214648052,-0.0669854965729647,5,0
1.51804209107536,0.956021470730939,-2.18303918095376,0,0
1.88970737747951,0.489122197079179,-0.752185305818639,0,0
0.907622613620801,1.50489054615481,0.0878087133720521,0,0
1.89792605168484,0.0668271957236904,-1.8701405452088,0,0
0.17494893059872,0.876147720433998,-0.418324476453588,0,0
-0.228174080263563,1.46001882795862,-0.928597248116507,0,0
1.79099309707163,0.930947588773388,1.14938701841327,0,0
-1.31400309131038,-0.221428806967418,-0.745731203245575,0,0
-1.62522987830512,-1.63160383955484,0.228844246727062,0,0
-1.78589535169684,0.165908079431202,1.80834397346362,0,0
0.45121132551031,0.930714158634614,1.4811771761579,0,0
0.771410241670278,0.0573595497414237,-0.833794926377747,0,0
1.16900122095914,1.92130322570215,-1.40336034445957,0,0
-1.35427963690666,0.264660566213292,0.327378950240202,0,0
-1.27039537051861,0.318917225153434,-0.355858542049119,0,0
1.88288515964791,0.757341572614749,2.1206454427828,0,0
-0.361889904167808,-1.11044609874948,-1.59033522860165,0,0
-1.16341457035447,1.25048568419458,-1.13613637217223,0,0
-0.061100058938995,1.13084094043782,-0.998567522985847,0,0
0.191854162589599,0.516551301691323,-0.997503784036893,0,0
-0.629989377675396,1.56512110260529,-0.333330655015741,0,0
1.92509251516201,0.384499441116551,0.637376990604594,0,0
0.129278398665125,1.61368758203145,-0.800878546302495,0,0
-1.36947753865132,-0.138306294664162,1.56672372198728,0,0
-0.210151970629569,0.65386506250086,0.389399543108343,0,0
0.483049209915912,1.46269452223578,-1.73416202985199,0,0
-1.10635992070216,-0.399611623032282,-0.80224745854322,0,0
-1.36782201333744,0.900571274135426,1.8197378675657,0,0
1.07654635414627,0.510812654393345,1.11318051260681,0,0
0.540694591125718,-0.455652968579159,1.64878067224169,0,0
-0.805032494028307,-0.902853017487681,1.59130301149339,0,0
-1.15068184801194,0.590923211316441,1.96526336034659,0,0
-0.868168854464515,1.74436523140104,-1.40972641532149,0,0
0.140791405716499,-1.0534175215719,0.700353350407357,0,0
0.726727408465894,0.796415506174808,0.705872430115906,0,0
-0.420320299379088,-0.560311647958997,-0.374020558513627,0,0
1.75415370454844,1.4820425120075,-1.8272106212601,0,0
-1.42796736620536,-1.89169611853141,1.37701883136362,0,0
-1.72941894175815,1.56629067367771,0.235293124815165,0,0
0.0407452597201896,-1.05833618147415,-1.82688489825999,0,0
0.322118188757322,-0.134754039265531,0.853969507323931,0,0
1.31415016911469,0.728336236840767,-1.91291080804676,0,0
0.61104066097119,0.973131137661765,0.393059438064252,0,0
1.7143704752039,1.93176445213319,0.12338653780101,0,0
0.0679501055522196,0.162283757329614,-1.56900242352251,0,0
-1.55513911107256,-1.84674164218249,1.61233179426689,0,0
1.90546617505841,-0.379153323601476,1.43298505397783,0,0
-0.351246119039594,0.277736479332294,-0.181225995959005,0,0
1.52844800514143,-1.89498933047508,0.265688150834099,0,0
1.45698843255835,-1.04817253752979,-1.51424810932815,0,0
-0.750458081116983,-0.842801910256818,1.87897187746709,0,0
-1.37382340296436,-0.296052854715699,-1.20160634696196,0,0
-0.86674563440824,0.0820167990660432,1.7508954264893,0,0
-1.85635103291173,1.10934115202492,1.6200080082406,0,0
1.23921343696912,1.44250747854313,-1.86961495959218,0,0
-1.2138113638812,-1.30647501544725,0.494871079052432,0,0
1.32851460557739,-1.72189121611285,0.573041289866145,0,0
-1.24404727159168,-1.25188972329143,1.69868893903217,0,0
0.0956412698655142,-0.0194292032049021,-1.41391569910852,0,0
-0.840979273194591,1.33297410019617,-1.49609025342035,0,0
-0.572765247725138,-1.67390213883668,-1.45668448803636,0,0
0.803612858516449,1.17465079668793,0.41070874841653,0,0
0.371764206172018,-1.72182110541879,-0.584271327937141,0,0
-0.0928561893360981,0.488874322216088,-0.624141844714981,0,0
-0.598729902127191,-0.561163336566161,2.00839192810152,0,0
1.80302641253423,-1.01947604771539,0.840892707511585,0,0
0.578318869242799,-0.547204449645385,-0.128753894917101,0,0
-1.13150573146087,1.51223435602987,-0.700331396692277,0,0
-0.5196028887238,-1.71151278159029,-0.915469865652632,0,0
0.0731245760271799,-1.52987176368354,-1.18850955521908,0,0
1.48033551698122,-1.40439817908776,-1.4453285005539,0,0
-1.29746580372078,0.0109879339956994,-0.0873740789969843,0,0
-1.00157680923372,0.117504043624878,1.53872617678774,0,0
-1.25820991066731,1.13619071419001,-0.380662888316624,0,0
0.458527788556097,-1.59558869702278,-1.04093488601514,0,0
0.0298346037842102,-1.19947503994074,-1.49622935976126,0,0
-1.16262697403222,1.65637308075631,-0.454596620862908,0,0
-0.327395436017083,0.6689087114514,-1.05732339482625,0,0
0.336972695859408,-1.85102744835962,-0.881658595382171,0,0
-0.703126408473076,-1.22899651665124,-1.11824364293248,0,0
-0.0487866369463323,-1.29865782861013,-0.641069710484196,0,0
1.6948450670027,0.218021460776409,0.791544736111088,0,0
-1.70302083117719,0.420487292580387,0.0267073312283189,0,0
0.156206719210299,-1.36247421009708,1.76203975400052,0,0
-0.194478865186895,-1.36541807282968,1.3482621627291,0,0
1.56921829560511,1.25088593981455,-0.316432102443779,0,0
1.47290212864721,-0.305633108969746,-1.54193620223999,0,0
-1.25724938475377,-1.05863475382541,1.03469589328019,0,0
0.982816012156362,-1.14101803708552,1.49007788145169,0,0
-0.345377017561225,1.63879410397522,-0.348565277457866,0,0
0.24022952763896,0.990710695589156,-0.803820888972314,0,0
-1.57321245887438,-0.841766497309839,-1.88867316807086,0,0
-1.43476796551342,0.714029578106025,0.981536477380169,0,0
1.64082699189921,-0.713650168611102,-0.999173997518435,0,0
1.46454151624209,1.15980689419863,2.10415805849328,0,0
-1.25737676153366,1.64159315544994,1.78060530397405,0,0
0.143663454728914,0.588542851575439,-0.458061558812479,0,0
1.65832156156114,1.9545978764267,-0.476289497324101,0,0
-0.639277455912113,1.91751914036979,1.15969204623338,0,0
-1.2665545730795,-0.400224694975203,2.01615416943059,0,0
1.73407095961697,-0.0808607774026248,1.90376848773109,0,0
-0.119564269623038,1.28286829011752,-1.61102843969956,0,0
-1.03843534954143,0.34494071111523,0.45796947986772,0,0
-1.87045556179992,-0.944158010928345,-1.89234772013154,0,0
0.476958538939434,-1.68139489459292,-2.01423883543836,0,0
-0.347207562410512,-0.100634779344364,-0.372041717769631,0,0
1.54513131606309,-0.487813553807038,0.685139397125072,0,0
0.885052248069549,1.32382443520947,-1.76575428997688,0,0
-1.77359057197728,1.8067679092792,-1.15481475421673,0,0
-0.435040501005222,0.158583574196234,0.659269808641772,0,0
-0.407155391649949,1.69562053894559,1.24618875793648,0,0
-0.593237204010318,1.81828727722521,-0.912238988880987,0,0
-0.49202199375809,1.81899323495837,1.84729764627657,0,0
0.551367650526111,1.90210601921922,-0.777031905525842,0,0
-1.75294630954176,1.54215436955401,1.15774850138497,0,0
0.769827381764741,-1.08449189509738,-1.91090393162925,0,0
1.2238562788268,-1.16887532244658,-1.35446411031251,0,0
0.0518431675635883,-1.84140011213199,-1.48234503739545,0,0
-1.4498905230019,-1.33727177073174,2.14427675298514,0,0
1.56905790833516,1.48881639526285,0.14816372099838,0,0
-0.306004213388649,-0.363175290840955,1.43752011343355,0,0
-0.0762092540687285,1.86817287390994,-1.46552884562497,0,0
0.836470618820383,1.6264396415666,0.613988986924331,0,0
-0.958180434925332,1.39135944324209,2.07444467136129,0,0
-0.738454907784707,-1.05867586103114,1.83965435941433,0,0
0.801344004567197,-0.298734454424583,-1.68142285042591,0,0
1.05692394774256,1.86872064489711,2.08020205480085,0,0
-1.82549406997167,0.358250197606867,2.10392938680536,0,0
0.21878262394033,-0.0781112647727462,-1.04039898707692,0,0
0.60349535081684,0.705646041846449,0.736620379660214,0,0
1.66542853781957,-0.543868769318154,0.488236670504002,0,0
0.747763767440677,0.809281107282629,0.458505035635936,0,0
-0.912934363555286,-0.146542949617259,0.0522389357229738,0,0
-0.314754463106423,0.607268565944447,1.13169081625856,0,0
-1.41072030702998,0.476672507873397,-2.01482961525775,0,0
-1.37620193204404,-0.88444134928849,1.58192922761852,0,0
0.556548153500756,1.70598604227871,0.282179996333702,0,0
-0.560516875242802,-0.817717802131462,0.555131458814934,0,0
-0.270184249551175,1.35801200308514,1.54593928638118,0,0
1.69489865104423,0.511457189432805,-2.0966131329152,0,0
-0.418016002280264,0.86503754608334,-0.859133607578579,0,0
-1.00871393470704,-0.989357839582233,1.94869574918589,0,0
0.747333899589536,1.3104282940567,0.131496911435276,0,0
-1.84064118518897,0.810105226564705,-1.15420385390459,0,0
0.731557806837579,0.434012802191285,1.13159417492823,0,0
1.13299245281085,0.70863400874804,-0.943529934605149,9,0
0.0521118281073874,-1.49259722785126,2.03510897238431,0,0
-0.706370087627182,-0.72676482420865,1.52881543510791,0,0
0.925845448217148,0.968152470070398,-0.130444763386271,0,0
-0.719153646088964,-0.289904287617577,-1.75835953715859,0,0
1.06846280633985,1.23116196480756,1.87049564310191,0,0
-1.45171235030466,0.0770756496230238,1.77727180216145,0,0
1.15607624235575,0.755783427236707,1.38210398829003,0,0
-0.0106165876371335,1.91134232974388,0.658482763923282,0,0
1.28986208292985,-0.599382741474416,-2.04827340815275,0,0
1.00652085604527,-1.06213118724799,-1.14485106515046,0,0
1.55317170918041,1.18789236934626,-1.70295850137232,0,0
-0.819091279707649,-0.807942747089807,0.837232860133819,0,0
-0.182946419884188,-1.54361422241604,-0.546526760482845,0,0
-0.84352596838703,1.80271494844527,0.0489816561191727,0,0
-0.623293919381728,1.93672693703524,-1.57950421733067,0,0
1.40656265256953,-1.68651106577831,1.64416071414612,0,0
-1.4602918285641,-0.93146524473765,0.524571598827637,0,0
-0.348154717109619,1.49588923313053,-0.327164481188563,0,0
-0.333632246335234,-1.12138368359645,-0.225201460723325,0,0
-0.217990256410489,-1.69662589252103,-1.87032036325513,0,0
-1.20491721177041,1.78460275579175,0.429885187566892,0,0
-0.867432954149552,0.74102922654927,1.01675869467406,0,0
0.630457633839321,-0.624227857060684,-0.872238812554267,0,0
1.22572504928515,0.086679559359721,-1.70140850368454,0,0
-0.276164327947188,-1.10737909960018,-2.12477653045781,0,0
-1.26933236472713,-0.508083618399891,1.84607363579942,0,0
-0.780409329584407,-1.26638943846255,-1.7188437154327,0,0
1.17275572850258,-1.25190023501464,-1.63894733924193,0,0
-1.25342852768392,1.50348924732822,0.950866594456911,0,0
1.12583480957693,0.592413899019962,-1.87479821454991,0,0
0.1157118514994,0.687080410019369,1.21389366741754,0,0
-0.66088506125788,-1.80670194017522,-2.14333767692242,0,0
-0.831501790230911,-1.39658677360718,1.70401278031473,0,0
1.17187723555194,0.20325673011941,-0.201078705764626,0,0
-1.48247958468254,-1.3880228703365,1.6514930181217,0,0
1.30965580541717,-0.700926400044248,1.89938110880493,0,0
-1.57665997576776,1.21737682512149,1.46136094461532,0,0
0.851113634205688,1.53721012917901,2.06720332869566,0,0
1.41043146145866,-0.790109482765324,-1.72903180326477,0,0
1.84380281342771,1.73465109727841,2.132212533471,0,0
-0.930586110297596,-1.00804261643659,1.43460122881256,0,0
-1.7835782554615,-1.01273441488666,1.76712955333887,0,0
-1.03003973145809,-0.135436389868871,-1.74855232855363,0,0
-1.41401266151368,-0.352737539253683,0.109425865676485,0,0
-0.412880549999096,-1.84208632001408,-2.09201000735906,0,0
-1.55738539539659,0.240298843011522,-0.531557928778154,0,0
-0.803337645884715,-1.6418595792224,-1.13018281291604,0,0
0.276856264806997,1.44575198185095,-1.33361214006396,0,0
-0.628527613205032,0.559780945853276,-1.58178928314707,0,0
1.71036289845393,1.60808176087524,1.43823512281977,0,0
-0.443064725393939,-1.74147956598771,-1.65582733937523,0,0
1.74779279759996,1.60230293876011,0.408073004358155,0,0
-0.838820546901797,0.0924122574347302,-1.81636229458217,0,0
0.73611918955208,-0.488722071588863,1.0318432576795,0,0
-1.35708843765718,-0.517831239139462,-0.0564541091602022,0,0
1.20349465210794,0.92095312682655,-1.78918312481408,0,0
1.02242529970362,1.65908456160304,-1.49888517066044,0,0
-0.195452362923013,1.29021018777492,0.612062122770209,0,0
-0.141173255571712,-1.02769598718571,-1.6800553007422,0,0
0.709969924896536,1.79402167580415,-0.360963284973402,0,0
-1.59516383080193,-0.838762159781511,0.29167336635116,0,0
0.581312945309539,-1.19275807344254,0.436245397206585,0,0
1.12629646406103,-0.230492862808942,2.13885031804295,0,0
-1.02875310607502,1.9315577401272,0.395626278849353,0,0
-1.72240554894608,0.357309516068599,0.776871010365686,0,0
-0.415128647969544,1.05995242265541,-0.0779639737657147,0,0
-0.569383874020462,-1.21421280157762,-1.44387999109315,0,0
-0.180375858592731,1.40311471097056,0.158399691675476,0,0
-0.406818754788504,1.22156241321196,1.65674577968405,0,0
1.61467933012452,-1.37567381067261,-0.808247053195278,0,0
-1.21626132831314,0.415189742623687,-1.09314389511382,0,0
-1.30810418244697,-0.683690857919327,-1.49866257480254,0,0
0.4541627861998,0.0841542825319995,-1.34221370942856,0,0
-1.81255081852645,-0.0782531848962009,2.01939258075786,0,0
-1.62668498594928,1.25628904765273,0.973370581065966,0,0
1.08417252122717,-1.05509414507306,0.294460735875713,0,0
1.68062508287171,1.47333061166594,-1.45821043851619,0,0
-1.09003636886255,-0.817716691840962,-1.83151752833826,0,0
0.568814981252239,-1.21292504523602,-1.82164846207431,0,0
-0.617736068142892,-1.42008631472492,0.0153248498066218,0,0
1.75580287058747,-0.921842214649016,0.0702659487021329,0,0
1.2300368864743,0.222155872411973,1.2460525913174,0,0
0.937498838408205,-1.39076807044115,-1.70237304828029,0,0
-1.03107525182786,1.56061944756155,0.850668236159781,0,0
-1.70422209474147,0.816594245040493,1.53051356379916,0,0
-0.484054712376159,-0.837485021904278,1.33463039020492,0,0
0.941746889794762,0.298060022157319,1.82084126846404,0,0
1.67244804194701,-1.79930571947957,-0.663869873054595,0,0
0.789470589311302,0.778010671234326,0.173340907811528,0,0
1.34580092913489,-0.256438871112186,1.62104508723297,0,0
0.807725631186133,0.789938233787921,-2.01395349818279,0,0
1.38833291672979,0.746723593600964,2.12959970486817,0,0
-0.183130351791413,0.813379637467592,1.15618010816517,0,0
0.695440216362326,-0.810365488544199,0.552501703528702,0,0
-1.39195513370904,0.947681471178815,-1.38113682593874,0,0
0.921886994009379,-0.791548097205754,0.882324088015107,0,0
-1.62236930007492,-1.92276586478209,0.532493765477988,0,0
-0.810114822764101,-1.46180053460437,0.776848393538908,0,0
-0.312551048318094,1.87405125724307,-2.00768592217414,0,0
1.71017391968591,-0.9332032644753,-0.199909687521744,0,0
1.83917900337429,0.725121278025595,-1.9863116492008,0,0
-1.73030694395447,1.20103413446083,-1.84048136476558,0,0
0.357282318392795,0.627398993944759,-0.969583281009895,0,0
-1.76398651721641,-1.69478441688161,0.166348685312061,0,0
0.271906968983731,-1.46773845578307,1.29523436518022,0,0
-1.50452919106767,0.701777881887081,-0.356115565248432,0,0
0.519170400231332,0.703165649219253,-0.497552295721985,0,0
1.23502964516487,-0.93202317255649,0.359776777153209,0,0
-0.546754962581562,-1.04503363407006,-0.693224738637212,0,0
-1.3685298348991,1.44589524764285,0.379102423382891,0,0
-1.57026818900953,0.358212200491787,-1.62967096604607,0,0
-0.545227285170573,0.399614444250014,0.914021330829762,0,0
1.91117626367075,-0.182317507616047,0.935427642114385,0,0
0.149007016736802,0.375930874078378,-1.93435325847362,0,0
-0.600552630939746,0.0514920859374578,0.504892397396818,0,0
-0.682946682164917,0.572087196839142,-1.07754958798859,0,0
-0.422835675519288,1.01736258864015,0.195564921347495,0,0
-1.80759457983802,-1.37391737762915,0.477423570885199,0,0
-1.73915945127223,-0.0562754880398053,-0.889632211213624,0,0
1.46328276327462,1.08258644990532,-0.961207787793693,0,0
-0.348888319371634,-0.718187352950852,1.08422788073886,0,0
-0.0928484432593597,1.0275208727187,1.41875987370112,0,0
-0.347851919631316,-1.12850379593672,-1.63683103208448,0,0
0.792258530471389,-1.90943184424597,1.5706484834499,0,0
-0.359916767568413,-0.416013253970492,-1.88896767677261,0,0
0.0310588673604979,1.83661672188977,1.58157251606317,0,0
-1.73750632496623,-0.709120609421723,-1.88577960716926,0,0
-0.744787314448787,1.44639951841527,-1.52040098354606,0,0
1.78402626927695,1.34441354182323,-1.44828844612412,0,0
1.67849808476428,1.29306676634725,-1.01631739935905,0,0
1.7773975262499,0.183675740822814,1.95458382269665,0,0
1.13649458720541,0.802531588380696,1.14567524809758,0,0
0.992653467624351,-0.715511901350171,-0.468590200865192,0,0
-1.62723213420203,-1.51363631960421,1.15696256817287,0,0
-1.36274432675716,0.673175058806773,0.205174178560045,0,0
-1.40802643637951,0.6782765179588,0.294393114175382,0,0
1.02219392872187,-0.745835734919082,0.359613963737449,0,0
1.55818910530106,-0.443097262596146,1.16562133760001,0,0
-0.346624988719583,1.88227975425233,1.80636449800696,0,0
-1.18375872124409,-1.55932338879817,0.696043723276666,0,0
-0.453479808646994,-1.51064403287886,-0.466467732844455,0,0
0.0472250579212676,-1.40439156022368,2.00002420530705,0,0
1.59636461591759,-0.218939143368927,-0.791883497601433,0,0
-1.58661634905543,-1.42068173697185,1.72789085100983,0,0
-1.4607194532676,1.38854683472806,0.43999699447671,0,0
0.990713799354461,-1.7288774932881,1.83371064073522,0,0
-0.719596630110514,-0.89621133999815,-2.1889776630003,0,0
0.874868684573919,1.89978075524947,-2.06008857127568,0,0
-0.994470244765116,-0.285040822016883,0.664278618846366,0,0
-0.381617966101816,1.01665410743655,1.74546936508614,0,0
0.0535796268485757,0.656027856393565,0.828560378078647,0,0
1.69683076806268,-1.63641991573092,-0.00768302476149516,0,0
-1.65800793735074,-1.32045022281729,0.373317614687262,0,0
-0.71896171748882,1.36590900128919,-1.56893320036215,0,0
-0.961782975193979,1.36668114492615,-2.15557762175033,0,0
-0.413017436910248,1.03048704526551,-1.44473126427935,0,0
1.02386554394867,-1.72734876102899,-0.354413156548966,0,0
1.41054241712264,-1.1812724420885,1.10431833447309,0,0
0.704858511400444,-0.331934614592261,2.13238791662708,0,0
0.695925973392504,-0.884886477248857,-1.83049854928604,0,0
-1.25035972725966,-1.73658857394086,0.780612870313424,0,0
1.17556430697515,-0.662695395930224,-1.80611161416065,0,0
0.829925764909992,-1.13575102057374,1.64726017907602,0,0
1.65417925691854,1.7266842839712,-1.98907897617977,0,0
-1.84963002593692,1.94893162517833,-1.96489836721216,0,0
0.390007094490525,0.426420535394517,-0.901803166722687,0,0
-0.483221361332657,-0.376481563237742,-0.0222997883350755,0,0
0.943930590034064,-0.933787738911215,0.598580440051732,0,0
1.02045774750572,1.9002196767133,-0.378235049605439,0,0
-0.88647795593172,1.74820547809159,1.63102714348683,0,0
-0.908489061295669,-0.345123876784922,-1.79517491462617,0,0
0.703830027766215,1.83360634390672,-0.636257771546949,0,0
-0.0316137849558597,-0.793885476753029,-0.157742413864368,0,0
-0.438192389991269,-0.80289436292558,-0.273173283956242,0,0
-1.66685937844278,-0.759791558277409,-1.35327467800961,0,0
1.54130229404212,-0.893770108603271,0.61722093369803,0,0
-0.048606313734969,-1.54822276093872,-0.858216998467492,0,0
-1.75593421230326,-1.24701298346988,-1.98564179045946,0,0
0.0692782189825194,-0.0185804340140085,-1.9737761580627,0,0
-0.459047919208913,1.24268571826419,-1.49389742137613,0,0
0.0181778165484094,-0.806078561128753,-1.58303223073722,0,0
-0.359531582013822,-1.03372596941955,-1.36938894741995,0,0
-1.79846415688923,-0.385505574723528,0.0277890931825524,0,0
0.115993532572099,1.82580454239335,1.96407941471459,0,0
-1.26805992351133,-0.696471997577486,-1.93129049957447,0,0
-1.09798530390038,-1.11518449838178,-1.1449230660645,0,0
1.83113150798928,1.40627598263284,-0.876879181672942,0,0
1.79738753168278,-1.75014399114681,-1.16828991063128,0,0
1.01278584430052,1.88051945206999,-1.89121205821572,0,0
-1.58766097396561,1.72357412490161,1.10512958330618,0,0
0.0837963912023733,1.88381680867245,-1.69654985313441,0,0
0.405120427001135,1.04631208145478,1.18081654104497,0,0
-0.215917976759171,1.11660593968776,-1.93716233780334,0,0
-1.87188936972558,-1.27069575810058,-1.34853913539692,0,0
-0.22151889590129,-1.17892802401106,0.396060823184248,0,0
0.0272760897807326,-1.47563460188249,0.739186566498931,0,0
0.668700578804942,-0.0146506844068246,0.00237235345907835,0,0
0.764747887737034,0.029418040133274,-2.09661734611156,0,0
1.09813617902687,-0.783329131178304,1.76033066411509,0,0
-1.34936338876737,1.04310571758358,0.605506042016461,0,0
-1.25723203733211,-0.951837404966757,-1.51575592038809,0,0
1.01077983624548,-0.351949014042169,-0.669212836701216,0,0
-0.19051244970899,-0.542156735122266,-0.286084217253303,0,0
0.516804787183349,0.0209778991291631,-1.58379542159722,0,0
-1.48062184842063,1.83561905608285,-1.26996109385685,0,0
1.29986801534551,0.256142373702869,0.404770487051593,0,0
-0.607961904329699,0.344624292919693,0.685446004847223,0,0
-1.1192660198486,0.825402481557401,-0.831406855907543,0,0
0.763562604275048,1.87258093702963,-0.174818214250668,0,0
-1.24721711727122,-1.4590143577554,0.818134865192744,0,0
-1.59681456607019,0.186890081086663,-0.424369572006641,0,0
-1.73270465269918,1.96449904386502,-1.5431194878518,0,0
1.33969559666916,-0.131031748852442,1.53205158799186,0,0
-0.457348042801492,-1.56992704351356,0.821825009724241,0,0
1.47164056930988,-1.8148203715418,0.951967940384417,0,0
-1.53461275425073,-1.58830822114676,1.4503471988591,0,0
0.008044272676927,0.268244884101115,-0.411397686047598,0,0
0.990924944813552,-0.333350811565003,0.0421866531185622,0,0
0.426365283582095,-0.205694913129479,2.02386850665632,0,0
0.131678252259248,-0.109016282960363,-0.682527710452267,0,0
1.58382831998289,-1.37544125818335,-0.384823373155253,0,0
1.87107649900769,0.342628555324533,1.11336818205895,0,0
-0.814137045063076,0.80943409929229,0.325586867877531,0,0
-1.40843599989231,-0.379213332202919,0.108936862589903,0,0
-1.21488636382649,1.96968993021132,1.60661763506359,0,0
1.47401606885618,-0.140838193092912,-1.32538667287851,0,0
-1.40411303640749,-1.58264384014943,1.8076417413394,0,0
-0.741009800694348,-0.300868560490841,-0.0549469733049558,0,0
-1.25156877940802,-0.595159417191695,-1.71409713772787,0,0
-1.60196586119037,1.10896904049012,0.459036699107179,0,0
-0.971329976251868,-0.964441163629266,-0.806336415212332,0,0
0.847700145321759,-0.210890081894521,0.957511283933314,0,0
0.575196613184592,-0.524511391798487,-1.66638132640566,0,0
-1.5895458538194,-0.360532445470746,-0.00504505465343363,0,0
-1.2212386594968,-0.805354663582611,-0.00828587019534576,0,0
-1.3240796275285,-1.73507151113597,1.43597007322913,0,0
-0.387542599874699,-1.3936188129179,1.93531780099017,0,0
-0.996695019490674,-1.77462462947183,-0.184271872715995,0,0
0.257068079785996,0.990558282901161,1.86241999543782,0,0
0.341278780388852,-0.567786026902123,-1.17195942649498,0,0
-1.50250532461736,-0.767361858291375,0.799131451549653,0,0
-1.27369787185806,-1.24462506609001,0.42900702868101,0,0
1.62893287379868,0.859175974938653,1.32952922778893,0,0
1.39077460462883,-1.77651469240885,-1.09923454724441,0,0
1.57238768433078,-0.0631623143874847,-0.871279174580991,0,0
-1.43971112079752,-1.77455303534938,-0.359918457829922,0,0
-1.74296249776756,-0.951583550774216,0.852698503814258,0,0
0.349776546261556,1.06916257156103,-0.948690305488663,0,0
-0.683199152726444,0.175148613986285,1.95386008019054,0,0
0.239988312666246,0.196028776366734,-0.605746750016725,0,0
-0.52981514998584,1.40911805626789,-0.427896267397411,0,0
-1.33321579162459,0.62552979753553,2.06657385873576,0,0
0.278959611123237,-1.73293903720587,-0.594369619617602,0,0
-0.607394058545736,-1.7321187523946,0.983901595951996,0,0
-1.42019070809407,1.90783169974737,-2.12858736251528,0,0
-0.90499577108407,-0.924143399820758,1.66758738974549,0,0
-0.53403740296065,-1.76367024155959,-0.0444391026544746,0,0
1.28378316877454,-0.108374445644,1.81835419901471,0,0
1.1008503593291,-0.602703738962441,1.80408661750237,0,0
1.69772588935251,-0.967290078733889,0.384326224028696,0,0
1.31375127317253,0.230395852762666,-1.7977451537054,0,0
-1.31147233902631,0.252637497693357,-0.991220002103087,0,0
0.368496184482483,0.0617608671848929,0.44339860389408,0,0
1.25579962659411,-0.769572842623532,-1.29223615570276,0,0
0.525235360467448,-1.76234899677642,-0.0543862537608893,0,0
-0.0907607546981002,1.68487767551461,-1.22497687124253,0,0
-0.89401668896112,-1.52589828851916,0.750397455831436,0,0
-1.78464452457672,0.816285422801166,-2.09892133486875,0,0
-0.627516548723592,-0.391884897957584,1.56613789231931,0,0
-1.02290722334434,-0.520045031585144,-0.718736571882928,0,0
1.45878910980387,0.62312112493061,1.11708732394982,0,0
0.699316768671483,0.676474542021519,-0.496555028499536,0,0
0.122247520282555,-0.66314078846269,0.496199816107213,0,0
0.243021178449837,-0.594465295866879,-2.09337561038813,0,0
-0.936879117972983,1.47275104002472,-0.999655253466205,0,0
-1.85038248640222,1.4331693679731,-0.568294084589359,0,0
1.73102252640649,1.06783586929406,-1.00784739469362,0,0
0.857146244586625,1.41166074832599,0.613051677272076,0,0
-0.815726970927947,-1.72656355391653,1.79648524900823,0,0
0.950836593370678,-0.520882786365839,0.876351738429557,0,0
1.43374905287368,-1.18963137679209,-0.680880978302475,0,0
-0.431400893452472,-0.350098082230983,0.705541588922434,0,0
0.858277317023845,0.854992419491761,-0.295934399043903,0,0
-0.966793443504139,1.97338763184087,-0.520754868147408,0,0
0.585632948335392,0.31658004540371,0.700168095292875,0,0
1.83282042990153,0.160189326130473,1.40229876874304,0,0
-0.440420180081099,0.317738999836403,0.467703567953843,0,0
-0.112767124921736,-1.30077922153085,-1.47396967476607,0,0
1.21142692692608,-0.128388086045677,-1.24804682718813,0,0
0.00234170432109458,0.557536227666112,-1.76678569299809,0,0
-1.68678572205279,1.70662867787295,1.6416835217167,0,0
-1.38131692589777,0.108796469493298,1.73680529018997,0,0
-1.53790130167099,-1.90456357711783,-1.49767053004045,0,0
-0.342992661433996,1.85555481558161,1.99130132585142,0,0
-1.63524518801661,0.535152129818497,-0.212490858738096,0,0
0.25944944445933,0.706054894235018,-0.414869222174456,0,0
-0.598168877885371,1.47227317993406,-0.991506265613988,0,0
0.178193001174562,0.474453740559927,0.826865003858156,0,0
-0.406637747917459,-1.41914872868022,0.0249124660504643,0,0
1.7742329700772,1.58096565965392,0.628033039237346,0,0
-0.414983248078434,-0.493222126427557,0.80417762375598,0,0
1.70324008555546,0.228040348201938,1.58624514822393,0,0
0.710656715067265,1.96507293815391,2.08134769091747,0,0
1.55505745335007,1.44117966963493,2.10484844669693,0,0
-0.912820537760441,-0.691013742878265,1.21872991676097,0,0
-0.333548433377562,-0.0211197395492278,1.03196135978897,0,0
-1.82394120696305,-0.290341954644738,1.78387349112009,0,0
-1.45804837363473,0.179850967038498,0.0183499106201404,0,0
0.0294593817724774,-1.63410818325558,2.14901169226649,0,0
-0.465036989678003,-0.733600513331079,-1.6933702271329,0,0
1.18715782646654,-0.862861104500128,1.26773861956298,0,0
-1.84800122356938,1.2777061609338,0.289268149528257,0,0
1.30353139424134,-1.58230563763461,-2.19204286255693,0,0
-0.444830818492336,-0.560151864657237,0.895939737622807,0,0
-0.412845906518816,1.40955291609385,-1.92834288079234,0,0
1.74100342377134,1.91298485172605,-1.08312964161743,0,0
-0.0689124382686859,1.5971466520582,-1.1782111741667,0,0
0.221748742576793,-0.625003306024259,-1.33700719584528,0,0
1.67705055316751,0.452261000413356,-0.945540484662635,0,0
1.40593736697427,-0.892140703923334,0.255888876643618,0,0
-0.889552983680959,0.0925225000670137,2.13151410658588,0,0
0.737525258783136,-1.07641984595679,-0.947092984758255,0,0
-0.174523980556284,-1.5183286791296,-1.84672816431049,0,0
-1.04891249262206,0.205975752183295,0.79016296562429,0,0
0.731960675444681,1.85386709008776,0.579865387407013,0,0
1.77086635173215,1.23770214331654,-1.42473020177637,0,0
-0.891492777701724,-0.236870171645772,1.37963084405192,0,0
-0.0952107247947452,1.68499965146335,1.58336244121262,0,0
-0.655923196546178,-0.989927102947061,-0.139173018159703,0,0
-1.25191803652093,1.03296553388591,-0.388472882916196,0,0
0.840325630536127,0.849912283938639,-1.76886907405635,0,0
0.130738617816647,-1.88192301767402,-0.682287809310431,0,0
-0.985400242454686,1.85881865819759,0.133682478195909,0,0
-1.63307037535318,1.05816555196038,-2.05116711685028,0,0
0.69212548884985,0.413773082193612,-0.865826473467264,0,0
1.18803189776848,1.74602111062496,0.343729078674868,0,0
-1.43894175480976,-1.28282066224626,-1.14281102474306,0,0
0.753935755839872,0.520484396767089,2.04113335626089,0,0
-1.7952719470366,-0.385608264278529,-1.33139220973687,0,0
-0.503642205200881,-1.92577931453846,-0.0423221790057837,0,0
0.907085760113918,1.89525546296943,1.13629874012098,0,0
-0.689076396131134,0.692324470796086,-0.266066924529943,0,0
-0.177392547509281,-1.80838175040171,0.21274637861596,0,0
1.26141535865788,-0.871003942186733,-1.99175054860401,0,0
-0.616154233726879,0.374877901754849,-1.5687182747082,0,0
-1.33033709729837,-0.0238494649230148,0.262372726691022,0,0
-0.733585964113363,1.54176353270078,1.69725466758363,0,0
-1.25968103117983,-1.21356309552209,1.55675396417709,0,0
1.31478790227536,0.760111781169033,1.65538743890165,0,0
0.648552609905943,-0.73870644648854,1.53883846930233,0,0
-1.34995498375517,-0.0396852847061364,-0.0984707979967281,0,0
-0.638646760372554,0.25980397036401,0.283032556154345,0,0
1.28420265420843,0.812569524997392,-1.28524339061001,0,0
1.2503853695701,-1.57772560994877,0.818647520689928,0,0
-1.30989426562412,1.43843465929233,1.78169022936861,0,0
-0.275801684565156,0.285180202579943,-1.55648286802523,0,0
-0.184886955126654,-0.157698394991097,0.772309001435323,0,0
1.48387518092719,-0.777977893156388,1.92312470342345,0,0
-0.2996966026716,0.238659175671077,-2.15987003875337,0,0
0.745863758516923,0.672848605117806,0.101572992035257,0,0
0.848667266071644,1.94811076378234,-0.24947860877887,0,0
-1.83105162100243,-1.50111086242303,2.05817716591404,0,0
-1.73425168511797,1.82113836273336,-0.380572471624555,0,0
-1.53248416123257,1.46406376404708,2.06811464246073,0,0
-0.36121184836942,-0.369663547531561,-0.564373854185582,0,0
1.54582341965104,0.113755627173119,-0.772077348575853,0,0
-0.185952020752879,1.42933979995988,1.44647204418994,0,0
0.994083197502291,-1.92572464025793,1.01098457688827,0,0
0.827935808688384,-1.23277375412781,0.0128344741825421,0,0
-1.24387921971739,-1.26201513474276,0.074284367232012,0,0
1.4276405996609,0.335447456378364,0.636758426162319,0,0
-1.5389230124694,-0.287674242234126,0.732493433362808,0,0
-1.25811450029098,0.554003445686324,0.995841762039652,0,0
1.35237443033422,0.570557887995313,1.38768208210433,0,0
0.510953155335233,1.49368770223318,2.00268495724694,0,0
-1.08525989990452,0.90171347659263,-1.71372219463325,0,0
0.68108520855849,1.67506102882659,-1.1669687931654,0,0
1.78921312621302,1.76371842320763,1.33942928463273,0,0
1.47555114785735,0.603477059820852,0.0703661523193332,0,0
1.77992878685089,-0.889693733138531,1.43272082218379,0,0
-0.110678790780284,1.85234849002774,1.32260934937351,0,0
-1.60094723748736,1.23509405633398,-0.521866893849443,0,0
1.44729082623161,0.581172987734801,-0.338372852928722,0,0
-1.12172453002656,-1.65859632448041,1.80731114815965,0,0
0.155172279235366,1.16303166316479,-0.430497876669332,0,0
-1.47663072732378,-0.579508383686057,-0.456332095359075,0,0
-0.417613644646784,0.626070858426867,0.145455984124373,0,0
0.965757953888237,-0.904532632478202,1.94300991618647,0,0
0.768299935487401,1.53773127782675,-1.50190622782388,0,0
-1.50390335996158,0.366431780508972,0.500039524047949,0,0
0.447820708230808,1.97942027348048,0.567312893662947,0,0
-1.79854665743285,-1.52233779489274,-2.05151801982305,0,0
0.593039774011145,1.35327367278898,-1.4372318790274,0,0
1.84311766067506,1.89825706719428,1.583543547918,0,0
1.32632344087246,-0.908745311839346,1.90816315421146,0,0
1.32739367822478,1.35138022606604,0.745703234329315,0,0
-0.404464419468572,-1.33256914489657,1.86182508441845,0,0
1.13830405284301,-0.441413326869545,-1.31931038934693,0,0
-0.333170253563576,0.717086385755595,-1.1954442233507,0,0
-0.914525112999825,-1.55786061162651,0.684512862837787,0,0
-0.283316245974048,-0.550633845059538,-0.152568888130618,0,0
0.00649291070867578,-1.21467512216287,-1.06800600379713,0,0
1.38619610474075,-1.67541969794234,0.843650812429329,0,0
0.90702796076139,-0.11389189789433,-0.02564153837544,0,0
1.82809546478219,-0.527512869211188,1.31606868798712,0,0
-1.49757762872067,-1.90429330212108,-1.27359052058017,0,0
1.2886170562902,1.10499107581091,0.857499691103613,0,0
-0.164456396560612,-0.831188070912615,0.822916448262808,0,0
1.35657899140083,0.174474037241083,-0.756496525298651,0,0
0.288909854498574,1.47596141170708,-0.278812762685009,0,0
1.77908375337406,1.21274577151315,0.599951301983997,0,0
1.75325127111094,1.511990793692,-0.0854508803844323,0,0
-0.798782548942786,0.244234021820652,1.27806507880551,0,0
0.934951847435541,-0.314304193134896,-0.288898870311799,0,0
-1.60906686251114,-0.742505006651699,-1.76693785802065,0,0
1.5454619771013,0.45050918917078,1.74369889433545,0,0
-1.37067159013729,1.48752930765004,0.485795414756646,0,0
0.236172662745274,-1.21783095550002,-0.00778507279094104,0,0
0.40551157066757,-1.80877126074516,1.60065853345996,0,0
-1.37241942279184,-1.02987502580532,0.444544311884066,0,0
0.0590298043441394,1.92104407185676,-2.17364639011714,0,0
-0.482064237210803,-0.616653340314842,1.16305026843404,0,0
-1.86556687701246,-0.980097153756342,0.921718779839522,0,0
-1.6956446727745,1.10277110971213,1.49131281364328,0,0
1.47672870206842,-0.433865905043646,0.397067746745011,0,0
-0.307175887417993,0.904440283462464,1.75991037702612,0,0
1.62766940694457,-0.647206847098713,-1.20134143996321,0,0
-0.0623373642978513,-1.92479841804106,1.50165739003507,0,0
-0.0714981126898573,1.42296712022247,1.48109198901229,0,0
0.623938651842948,-0.939387680180589,0.48254877747224,0,0
-1.25694762516296,-1.91461961320308,0.130884609086388,0,0
-1.51606464907794,-0.450903916726746,0.719914364695431,0,0
1.39862909456113,-0.471648826200647,1.90617512076296,0,0
-0.965757146489887,-1.85777339188894,1.54020794235775,0,0
0.234339586052682,1.62371540560772,-1.15201409014441,0,0
1.35257566095678,0.543666791659868,-1.04575934306536,0,0
-0.548253851898048,1.75661388595316,-1.23717426602658,0,0
1.83307843792937,-1.10313412693349,-0.406954877573184,0,0
1.42864145441115,1.2269952881483,-0.277168223178973,0,0
0.990169247591595,0.328959436890331,-0.583822812837482,0,0
-1.02739558907939,0.252232814596149,-0.730147511107614,0,0
1.04985522366026,-0.934102982954021,-1.29621017370273,0,0
1.4488305969802,0.344979085017472,1.85937595195777,0,0
-1.7115689523049,1.26998555021155,0.605035633885169,0,0
-1.11834740617009,-0.719779582513853,-1.80596418164481,0,0
1.36906670233403,0.490197738315115,0.086226498195721,0,0
0.602707791688517,-1.43887690308505,-1.64596649704382,0,0
1.42836185619801,0.467568410413086,1.57501328806592,0,0
1.21652471593485,-0.864908319614997,0.479890245508233,0,0
-0.503372426182757,-1.16015378894364,-2.01777405339044,0,0
-1.53241405600575,-0.198292439409098,0.997907389364677,0,0
0.307561217079352,0.833000483182506,-1.20665193810757,0,0
0.612126323173702,-1.63246004504636,-1.55731868843814,0,0
1.24911375547625,-1.20686520284764,-1.35968502185153,0,0
-0.145357779741977,-0.345625329408325,0.200405364653573,0,0
1.86575158886538,1.10168910744306,2.05270492233138,0,0
0.975998680011898,1.90633196459036,1.80227261072673,0,0
-1.37015768350825,-1.07534191901037,0.71039222913551,0,0
-1.05972492029944,-1.32363722548472,1.21867767596056,0,0
1.34866925609854,-0.56256728202606,-0.505834763546691,0,0
-0.108214128550748,-1.55567291784997,-2.01214084991497,0,0
1.60497994911644,0.568933027569265,-1.76280379626019,0,0
1.60798451032649,-0.875144379679944,2.07447265439516,0,0
0.278068433274551,1.39117555924669,-1.28415826882908,0,0
0.462826884170755,1.35641596550854,1.77743622007414,0,0
1.14488100510684,-1.13495389585667,0.392963672374211,0,0
-0.205753305118469,-1.61045503522612,-1.20810349560633,0,0
-0.308863298548615,1.69750813132659,0.848851623721624,0,0
0.272683173339453,-1.06688305360016,-0.767574599740361,0,0
-1.3013443512181,-1.52801222598058,0.794557715113327,0,0
1.1930353293431,0.486891125338445,2.04579355939116,0,0
0.00703237310341383,-0.452568535040811,0.503725229639986,0,0
-1.3437101156398,0.443055921256562,1.3008236479564,0,0
-1.45865128443007,-0.87222980507876,1.98348632846078,0,0
-1.45674275189953,0.826406633942345,-0.00386531918088947,0,0
-1.86020497220276,-0.806766962222314,-1.26133265802627,0,0
-0.971366591895506,-0.0551179759812139,1.10108350466642,0,0
1.4644602678938,-0.807460764235976,1.33671633947058,0,0
-1.58443513638096,-0.708030868874901,1.95699528237922,0,0
-1.35120536454823,-1.92422108887647,1.31053046465619,0,0
-1.69737634732728,0.701263012721279,-0.44456204036439,0,0
-1.74912552685975,-1.55871962249461,0.405475610307194,0,0
1.60620173752587,-0.489775202655651,0.780194730314665,0,0
1.31755994657669,1.01357596797722,-1.16181630101982,0,0
-1.19779966004056,1.00693758304185,0.734221534259196,0,0
0.00561206834205407,1.77486859812278,0.935891592778216,0,0
-0.710621334148628,-1.89763047346067,1.34291661265368,0,0
-0.834545063227698,-1.28659532333797,1.93262485383236,0,0
-1.39036119355746,-0.7493027324148,-1.79583131786391,0,0
-0.244984939765613,-0.622172843455102,-0.11237571663671,0,0
0.768885543139563,-1.83993442101797,-1.01270446402974,0,0
-0.60373486839382,-1.72310957610506,1.40786928346048,0,0
0.789049641802106,-0.942939317027898,0.0346948925170139,0,0
1.31883229392212,-0.91450768030684,1.60083941138534,0,0
1.47894825459042,-0.130328695026155,1.28529581559457,0,0
1.0375809155029,0.58309386511056,-2.10672633173876,0,0
-0.653306127799357,-0.437956944188923,-1.79401287619802,0,0
-1.7179439867442,-1.08383688391509,-1.3025316982634,0,0
1.51727952803278,-0.425726347138757,1.54651266373574,0,0
0.548892244566954,0.439357371171658,1.10783255831674,0,0
0.230874544623737,-0.717458224175681,-1.40361818964722,0,0
1.03659428211384,-0.147617973569124,-0.698161692686797,0,0
-1.50972451936193,-0.689003040537766,1.56505805778599,0,0
0.966939177899466,-1.72673487438646,-2.00361346398515,0,0
1.45074909128246,1.05536676232081,-1.1323252505967,0,0
-1.84896825399118,-1.29464777224757,1.15070839502818,0,0
1.67781376356142,0.920397119436226,-1.21727611403342,0,0
-0.330244991563263,-1.78188442219589,-1.2564156655382,0,0
1.12191970222685,-1.0132118534866,0.760407398950573,0,0
1.8345581077302,-1.40954792994649,1.60604289413971,0,0
-0.610041714864359,1.73033461533481,-1.45324257487083,0,0
1.11602973318792,1.76931720674599,-1.28592345030755,0,0
-1.53825215015236,1.32935941581755,0.0752250033050349,0,0
-1.71192346084516,-1.07072616588024,-0.512038230539141,0,0
0.0804107587937941,1.80903322029889,-0.131683993807496,0,0
-1.69522831517221,-0.925754768894366,1.09068122003704,0,0
-1.5388789217333,0.778897262375323,-2.05127717622907,0,0
0.739905054227251,-1.27300966097945,0.818335543723786,0,0
-1.74562760600504,0.923035663229023,-1.73544997522958,0,0
-0.239169357682202,1.09826042819821,-0.692629929860232,0,0
1.00983330321619,-0.497949333747725,-0.928578885990424,0,0
1.28559753072611,1.01463149752694,0.975660130363071,0,0
-0.423442497875274,0.281353636091573,-1.47776714242702,0,0
0.463122254377354,1.60834507762577,-0.425322111725984,0,0
-0.565981663750153,1.69714930952204,-1.19665418207901,0,0
0.146382467584104,1.36770304371275,1.40543401446066,0,0
-0.88919308733563,0.735721610080342,-0.120473851553057,0,0
0.300735210781276,-0.675599439364105,-0.0333191442628969,0,0
1.56724507753332,0.538406357519461,-1.36061825193115,0,0
0.27472410205803,0.877803998340705,0.485036596024238,0,0
-1.66328852650887,0.722258658086217,1.69778092233115,0,0
-1.48974686319625,0.673352071226118,-0.283714912817241,0,0
-0.629290009760536,-0.481390084437383,-2.11603671925727,0,0
1.88960560428606,1.76278209798583,-1.07986745336655,0,0
0.838947298228533,-1.43113362948169,1.52389881615887,0,0
-1.57775800494886,0.402777895438996,0.0310158326804061,0,0
0.458031776630682,-0.156123429213749,1.51083040427181,0,0
-0.0021252704817962,0.517291715835015,1.53301632188789,0,0
-0.854624866297171,-1.05949577361683,-1.71085484827584,0,0
-0.763290817026282,-0.779678610052639,-0.508493494933976,0,0
-0.0704183900022286,-0.967491052262275,1.59964606147795,0,0
1.78872953262922,0.222039690592214,2.07312420784179,0,0
-0.26685430175507,-1.86050222410381,-2.10584418539963,0,0
1.33238102165762,1.32435903689231,-0.682084653679078,0,0
1.74973919265605,1.82347809514769,-1.64215312006188,0,0
-0.788535880647532,1.72426642432821,1.15851917112405,0,0
0.178980768411726,1.73332003960729,-0.733593112085333,0,0
0.333132199513942,1.13994482259118,-0.391628141822676,0,0
-0.90335049358087,-0.592036776705223,1.65447744720157,0,0
1.46164982618292,0.824166018447359,1.76564741625443,0,0
1.47769455114045,-1.55377763554405,-1.10188067953466,0,0
1.87718407373549,0.872150649087614,-0.403415647872631,0,0
-1.49162139251329,1.54905171492344,-1.61745711833544,0,0
0.475370196472896,0.274871910682556,-0.647986766604701,0,0
0.802313698782156,-0.224465273584122,-1.23391172549499,0,0
1.51005543874538,-0.303626015757611,1.76574311513261,0,0
-1.25942047979628,0.148677461996602,-1.05220496154455,0,0
1.83999418341646,-1.47950968085842,2.09701475615782,0,0
0.507073305165121,1.6897740912895,-1.83247000327035,0,0
-1.805110814988,-0.538145533801132,0.718802459457204,0,0
1.27558365829399,-1.19501635687987,-1.74260838413142,0,0
1.92108698761994,0.982662882165205,-1.71640392448475,0,0
1.42365882663609,0.0393104922017115,-0.718489289042905,0,0
-0.368487520311202,0.937446498596429,-1.72559205642318,0,0
1.68285261880308,-0.167818024173585,-0.588277221267946,0,0
-0.642864520853105,-0.645572031463183,-1.57494082357267,0,0
1.82056101702378,-1.82231105451248,0.137424470755065,0,0
0.261703133030265,0.277494791807061,-2.06306515299895,0,0
0.325337778648888,-0.443789863999867,-1.17618191273932,0,0
1.25856762915608,-0.738675736966326,-2.05426196366346,0,0
-1.12335367510951,-1.53384504726122,1.84750299050247,0,0
0.476186550780277,-1.41599557573213,1.18424734522039,0,0
-1.02400593618511,0.618943280591797,-0.343256826185937,0,0
-1.78219743647464,-0.64557135999744,1.15954867304416,0,0
0.999225643126092,-0.668502093909152,-0.278026783919369,0,0
0.549089263420795,-1.86041564060345,1.3568615910773,0,0
-1.65803173791761,-0.126115367007208,0.298174746413304,0,0
0.684649029070279,-1.01433244314023,0.205719017127543,0,0
0.75214944341781,1.89919603904939,-0.466766085252741,0,0
0.956336837425575,-0.350977323741519,-0.45983315119257,0,0
-1.40626734016602,0.212188644057352,-0.534023710551792,0,0
-1.30315498580749,-0.871476141346787,1.21938389553804,0,0
-1.20327969805534,-0.814516080132125,-2.15658660129423,0,0
-1.84440074579219,0.192989269907838,1.19258425964917,0,0
0.532474462815208,0.103804716530815,-1.89647331197034,0,0
-0.460380613690427,-1.09892531488659,-0.52015646367762,0,0
-0.8218296573119,-0.531602647533563,-0.349095275694124,0,0
-1.22200096041079,1.62634883038655,1.44269779365021,0,0
-1.10332196023703,1.20812060965176,-1.79445889091444,0,0
-1.03425152939895,0.0794975991857526,0.226313435755707,0,0
-0.914210946579808,-0.0706480772294305,-1.5329117512592,0,0
-1.23117046265767,-1.12481903644443,0.254122799278848,0,0
1.62745468467012,0.210347316213379,0.298997937360144,0,0
-0.564738651781202,-1.17199833880789,1.79444694267228,0,0
-1.554423484101,0.594619385726354,-1.97479158191415,0,0
-0.441108622724584,-1.51626674924441,0.937156045688744,0,0
0.188467140722417,1.64500275904642,-0.243724365496712,0,0
1.115254220462,-1.35312704386271,2.08374331720162,0,0
-0.659825693386055,-0.179380337645247,-1.87076707544688,0,0
1.30933726959705,1.18963613942164,0.217323349353672,0,0
1.91953900409947,1.36983052726567,-2.02558793421318,0,0
-1.06630694067773,-1.14696846431367,-1.77112789495954,0,0
-0.214881903794011,-0.983562872182806,0.51233114683697,0,0
-0.437639110940617,-1.86911405324185,-2.13507053837029,0,0
1.79442778117685,1.63544464582783,0.860490876279709,0,0
0.560345917573792,1.13004655541046,-0.560973103199378,0,0
1.18799375628853,-1.03192980312065,0.966122728293229,0,0
1.61751016827297,0.9136279273179,-1.60481103129907,0,0
-1.65516567358413,-1.23126006051176,-0.298806411096174,0,0
-0.0614248220840899,1.53697543456806,0.34901817677813,0,0
0.772452551701685,1.82102836825146,-1.30964330444528,0,0
-1.70822795968553,-0.531999430872806,-1.38759530873782,0,0
1.00055379286474,1.44623076794397,-1.14374815420576,0,0
0.372290699400889,1.04470861943768,1.15994998354041,0,0
0.0621795741622848,-1.28350175476365,-1.62858179101232,0,0
-1.78121523801783,0.497269016119724,-2.04165793064351,0,0
1.78022896747121,-1.88204851516863,1.54603485366025,0,0
1.87829756496069,-0.644773008213223,1.53420594551565,0,0
0.534645933339205,1.41875584126882,1.19120804973123,0,0
-0.259592504031221,-1.05696937372616,1.22134480134694,0,0
-0.864026146887778,-1.20438898133644,-0.730724233104358,0,0
-1.57169027819351,1.57886559215674,0.00730619468338528,0,0
-0.622444836195405,1.95775507732791,1.69112485054339,0,0
1.52237689462488,0.647924180851594,1.09145145347444,0,0
-0.711698972205567,1.58537042474554,0.905186620468752,0,0
-0.347519756667171,1.08583314551231,1.93816043404563,0,0
0.304275406954531,1.60431542741844,1.45171845660102,0,0
0.392504965577692,-1.17120021966466,1.33502576760557,0,0
0.289920038723894,1.89836899943873,-1.34915735768149,0,0
-1.04870325467975,1.59059275320507,1.48272278147206,0,0
1.24120997740024,0.35545293518693,-0.694834295048637,0,0
-1.73871572071556,1.53291287797778,-1.87327647018033,0,0
0.501263659054315,-0.642114657093346,0.846509363916491,0,0
-0.229401937481031,1.50655859295836,1.73425045225668,0,0
-0.520569913832174,-1.73792308929562,-0.955383755474969,0,0
1.06450313624511,-1.57602036886962,-1.76217252642928,0,0
-1.2184121863206,0.892157428861055,0.479895875925857,0,0
-0.00221921524053907,-0.760541836398825,-0.750443434593065,0,0
0.925756565373877,-0.993952193391102,1.318495516422,0,0
-0.0711463184202208,1.6549564029922,-1.47042158945721,0,0
0.357937140388816,-1.22423692570609,1.00333735116322,0,0
0.299505758653072,0.126399555178877,-1.66524443454424,0,0
0.612838820542515,-0.0469068294277813,-0.773728891179537,0,0
1.41236260523619,-0.360272300848461,-1.47123112851407,0,0
-0.368733602374091,1.67735346669733,1.55466033255988,0,0
1.7736586109293,1.37646569536923,-1.25946708160573,0,0
-0.429472028245362,-0.616660658014187,0.266723954327329,0,0
-1.23120625117936,-0.92466587224131,-2.12301217299227,0,0
-0.9972283484308,-1.37408511269098,-1.53000883163575,0,0
1.73487840863708,1.97345040111532,-1.75924033106372,0,0
-1.56051307114036,0.581129808655842,-0.713532858323944,0,0
-1.14389428871531,-0.439194633453798,-2.15362034706478,0,0
-1.59403272471307,-0.252399493774771,-0.799468781646522,0,0
0.423037969469793,0.184506116778885,0.235736997502882,0,0
-1.05717892470694,0.0247519580912709,1.35372781825749,0,0
0.358269261731192,-0.967040262458978,2.03899419641056,0,0
-1.0075254490256,1.50501347273847,-1.1391301103712,0,0
-0.391254827671745,0.514105619098949,-0.673533849180165,0,0
-0.554878269803474,0.201939749508625,-1.13859851674872,0,0
1.61491319575565,1.2896034664747,1.71421668433612,0,0
-1.45199576443695,0.173590567138543,0.172528421946739,0,0
-0.908335924183516,-1.67273046395991,1.93069830146691,0,0
-1.1683125031446,0.628232857690956,-2.14812582476384,0,0
0.957533276407016,0.00780767700449199,1.06986604186482,0,0
1.67040378791482,-1.34958736111272,0.614003911276546,0,0
0.00349713169171656,0.922717198705145,0.0521426902023049,0,0
0.575092737649064,0.625312821956711,-0.806840369983254,0,0
-1.20947192968857,-1.32259699367626,1.15515478097399,0,0
0.415349735476758,0.635863890686527,1.83108772151699,0,0
1.49844365969572,1.47162193753571,1.26389667140035,0,0
-0.0136280518617287,1.16597859584606,-1.99719579007239,0,0
-1.80821392237612,-0.3713580898624,0.647407583649854,0,0
-1.19582421830366,-1.60856575323295,0.931416622491807,0,0
-0.824705051120456,1.88699279145577,0.761483256153639,0,0
-1.64380473210577,0.768677498127071,0.235215143227391,0,0
-0.5266737231183,-1.75808309007044,1.08087969347705,0,0
0.316622898578414,-1.56617888159841,0.957506537254379,0,0
0.156852661600574,0.135004007316921,1.94385546784796,0,0
0.420211298811582,1.46650186345569,-1.43012896041187,0,0
-0.0290718505852502,-1.11711519047011,0.273045639843852,0,0
-1.37749507256219,-0.518736036490176,-0.543401310801061,0,0
1.79059895840902,0.522899858839474,-1.09976092043114,0,0
0.945811116428008,1.82380463003292,-1.23441200561363,0,0
-0.482864959444721,1.37840128021677,-0.395355991525914,0,0
-1.30447286471065,-1.10310439632805,-2.01899490245186,0,0
-1.01497242022517,-1.86857702479423,-0.0150614046249867,0,0
0.955910272748806,1.68925747229857,0.415913838704742,0,0
-1.68570798304092,-0.918438343143926,-1.54101899688367,0,0
0.381113173513377,-1.38544803003136,-1.44452248632878,0,0
-1.29524805156165,-1.86466977750027,-1.33758968289567,0,0
1.02309483986534,0.878647629358963,1.92535551497295,0,0
1.90740806876455,0.634997232772435,1.35400895243971,0,0
-1.21633524060339,1.68783688069203,-0.43787065952113,0,0
0.47672355660512,0.669721083732257,-1.36329564609788,0,0
0.168079108091101,-0.586961319516675,-1.05802859400442,0,0
1.23410321987748,1.29684927428251,-1.17664991969287,0,0
-0.654373845706345,0.107585860551285,0.996781896011427,0,0
0.33674026396536,-0.577169308140392,-1.97398594122807,0,0
-1.60834494533917,-1.33590699653965,-1.15944356387139,0,0
0.292304355000494,1.86070961155658,-0.624657244559914,0,0
0.254395851569436,1.39685687833229,-0.415131341296515,0,0
-0.226769915892581,1.56213323879558,-1.79438390573734,0,0
1.78062900314136,1.15592842413824,-2.02627131830688,0,0
0.827180605614228,0.581091203024933,1.01354776934091,0,0
-0.895048848594496,-0.939723890193806,-0.654006643717654,0,0
1.64267159605046,0.130332642956103,-1.16283982024159,0,0
-0.277581819254129,0.392504546217415,1.53197203834999,0,0
1.22665782056384,-0.183295995595019,1.48888680213522,0,0
0.992226924201251,1.86737940576175,1.95113721650414,0,0
-0.310551853835078,-0.410191375939274,0.836608433457014,0,0
0.0784447102929717,-0.056943124785142,-0.619717819483826,0,0
0.184439999084664,1.57794240613279,-1.08728589706289,0,0
1.82655814529008,-1.2848940398925,1.19851350748686,0,0
-1.59805431028755,1.00504046971454,1.88672702054222,0,0
1.04866602332421,1.31920183331123,0.604353615385382,0,0
1.44062009303941,-1.06871317727187,0.30678430890584,0,0
1.88681033149578,0.330958968814325,0.987190901719471,0,0
1.79279583769417,-1.43273312930352,-1.59882497515929,0,0
0.542487823388141,-1.3229882045797,1.79053697193815,0,0
-1.62942802784828,-1.43125189047322,0.260816006312937,0,0
-1.38971117843288,0.053109892323942,1.03672993175553,0,0
-0.00383262906623451,-1.54008724277609,0.244038987550506,0,0
0.644510954669052,-1.67667293218654,-1.2237186905484,0,0
-1.15783523696981,-1.92798042394508,-0.847580637475674,0,0
-1.20264159384103,-0.947383327285054,-0.788070436457371,0,0
-1.4386029004822,-0.33167799972671,-0.581444592055066,0,0
-1.28116846739616,-1.03963606126266,0.595528879225171,0,0
1.38301978023447,-0.952567776318478,2.14065554007134,0,0
-0.262181979316845,-0.0227869424590106,0.800043138853748,0,0
1.4626299966855,-0.73628590645648,-2.02156760547149,0,0
1.25908570416094,-1.92260650662033,-1.84490429974866,0,0
1.84479707954061,1.71514432592963,-1.33776621602557,0,0
0.535343713427887,1.03529029060708,-1.90369389436905,0,0
0.752067688523742,1.5861597984124,-1.69754950533779,0,0
1.13492745412928,1.0784437653739,-0.137504749308196,0,0
-1.74816791358441,-0.639809351895392,-1.54438243445859,0,0
1.24070387175324,-1.42526159770358,1.50131584274724,0,0
0.737283082967474,-0.752694752002148,0.501194282008009,0,0
-0.235875657132809,-0.0574565397167136,0.549849172484449,0,0
-0.950556044296915,-0.796258684836485,-1.68476879037971,0,0
-1.84714597239124,-0.368625127585823,-1.75423415486607,0,0
-0.276461765958655,-1.83668464268986,-1.91151794982817,0,0
1.11504876301605,-1.513536731929,-1.21905574711958,0,0
0.38719429539354,-0.158578666508186,0.0620541455542723,0,0
1.86816361284165,-0.130108206112317,-2.11181456909682,0,0
0.130273467989591,-0.102111113555328,0.216570344265351,0,0
0.112149682574797,1.80370001240939,-1.81671951734948,0,0
1.1131009829292,-0.0506295285591485,2.01896722406596,0,0
-1.54448419787754,-1.53411495459398,0.348196823157429,0,0
-0.904015776809829,-0.198163859193365,-1.02320685813233,0,0
-0.521794707864614,1.09700151933864,0.921603104215318,0,0
-0.930855205656037,-0.330867546049733,0.2000574854236,0,0
0.300968967487351,0.537215960061216,1.60196759340979,0,0
-0.0395536287368312,-1.83855507893869,-2.14364806457614,0,0
1.20249888849695,1.13861277505549,-1.46903534561272,0,0
0.976443140277867,-1.61711427300452,0.320352097939139,0,0
-0.556635923424186,1.94429568610932,-0.850391048993385,0,0
1.19080510925046,1.28721639663787,-1.12038747455147,0,0
-0.920552419704806,1.63094457091815,0.398494324706685,5,0
0.377196554496097,-1.03977389694028,0.605884376319106,0,0
-1.28397037398784,-0.979185268610313,0.483362863784757,0,0
-1.21191732900954,-1.50608844435648,0.449282483442199,0,0
-1.01711139920286,1.04453590220952,2.10771166489126,0,0
1.13409035358436,1.78146006074014,-0.490051335329828,0,0
-0.400948786337559,-1.12917836903265,-0.571307037271775,0,0
1.58769019486255,-0.562845491448838,-1.23421861362449,0,0
-1.41469138857377,1.14367598255583,1.93694654455291,0,0
1.87908761608169,0.437855659934762,-0.810956554509759,0,0
0.994596016651945,-1.38195970619978,-1.73821078906454,0,0
-0.696102237394178,-0.283642376007384,-2.15081429957626,0,0
-1.80257796301856,-1.77472190259733,-1.92906432841231,0,0
0.716922603946727,1.42142592205588,0.140868321464522,0,0
-0.209406490223357,-0.232881728999102,0.666910889700342,0,0
1.48301304178918,0.435556512880504,-2.13653937483316,0,0
-1.59575003798467,-0.278248303762555,-0.0441995203874225,0,0
-0.152607080308522,0.19882047182477,2.11248389733788,0,0
1.49950333043233,-1.46611892967794,0.367010617656844,0,0
0.784914516471743,1.19451163301737,0.0943958262099858,0,0
-0.719532596348446,0.542804233701001,-0.460683010194403,0,0
0.346491906859663,1.22768268934179,-0.332167856349607,0,0
1.43262842661472,1.06555885232745,0.551751754576807,0,0
-0.179786822900892,0.537893264635996,-2.14402339639431,0,0
-0.594939972687847,-0.489862463095662,0.75974262398437,0,0
0.278096773270868,1.44977067329946,-1.80119429469938,0,0
-0.296776832973554,0.362555637770739,-0.903143515881128,0,0
1.28888264567885,0.913767998173611,-1.98993221930352,0,0
-1.29351008503731,-0.92577007940807,0.167267286631325,0,0
0.627030800308042,0.776928397094616,-2.13923970976296,0,0
-1.87423019922451,1.81476427164066,-1.43411675886403,0,0
-0.659303090464159,-0.66099482682942,1.79389479225536,0,0
1.73568730202112,-1.64292536687104,-1.01494498050799,0,0
-1.83039232510911,1.28682667554905,-0.236329412242834,0,0
-1.5773145878838,-0.367506544118565,0.728209767701079,0,0
-1.06689504386484,-0.59309821807289,0.489772729820653,0,0
1.90574287745918,-1.26619777695975,-0.536222172001329,0,0
-0.00666696432878573,-1.12758806810903,1.40109995544767,0,0
0.509065774633074,-0.354221568863472,0.754111026018134,0,0
-1.85546180597273,0.102411626737856,1.11772762856629,0,0
-0.790892243036134,-1.04049665773872,-1.51466335515862,0,0
1.87393487394089,0.0698067173014014,-1.76308095817367,0,0
1.00374114979631,0.791865678025653,-1.24624222570019,0,0
-1.61845230203387,-1.20199672497413,1.03325792895795,0,0
1.20559877064081,-1.05940344798959,-1.00632293836992,0,0
-1.41079525897887,-0.916783531331577,1.01727042897742,0,0
-0.319014410348568,-1.07943619688308,0.645434322708437,0,0
1.64976932164951,-0.793850184659587,1.50283799001258,0,0
0.229791017529378,-1.64195740338772,-0.41463593439442,0,0
-1.82387274092545,-1.35434096907915,-1.07409721876703,0,0
1.80123060326445,0.802785666091045,-0.783351928844282,0,0
1.05080254838872,-0.130450025054043,1.0123839826691,0,0
-1.57403731730602,-1.66851222858468,1.42387882730548,0,0
-0.48826415470205,-1.63168648822946,-2.14319338456398,0,0
-0.0508370802240126,1.87252194292534,-1.44439866674381,0,0
0.692114823050349,-1.60043684207427,-2.07658618891503,0,0
1.11311028583718,0.382105592760061,0.974308087104597,0,0
1.20291380439204,-1.66631344285094,0.662493630688423,0,0
-1.57888642599088,0.373135002942758,-0.0661281718519711,0,0
-1.23567093855614,0.0652068530943211,-1.99875159937966,0,0
-1.73842280176544,-0.420778570620803,-0.946199397394308,0,0
-0.964756298824193,0.186793558798534,-1.32580221835005,0,0
1.59139156114922,1.97178138178123,-1.45400932801771,0,0
-1.87294971260946,-0.14877084193121,-0.317170808781843,0,0
-1.01360021605877,0.530911797199047,0.853626409191123,0,0
-1.2381489489753,-0.580430764133578,1.28405034332598,0,0
-1.30851513984622,0.518599871597805,-1.26831651588338,0,0
0.586896799526684,1.95266144859771,-1.47887668697954,0,0
-0.0312642940525884,-1.85086137097885,1.08623087903161,0,0
0.758613663565166,-1.28487931052509,1.81184676033166,0,0
-0.776380178589375,-1.66647330826129,1.84737996962291,0,0
1.84423432578148,1.26587046693634,1.11838833509516,0,0
-0.782249450982664,-0.880952205283407,-2.05444102653332,0,0
0.121605557641779,-0.112421472764362,-1.45584835887167,0,0
-1.58213930178463,0.271866149938795,1.47710063738396,0,0
0.70273852169033,-0.455844249645527,1.28136381111899,0,0
-1.18609136985164,-1.28075407315516,-0.954967799009258,0,0
0.136971414733658,-1.61365753178309,-0.516024140037816,0,0
1.17104347448974,-1.10047277246413,0.745086188338395,0,0
-0.686930640775346,-0.209913218753167,1.75044753193009,0,0
0.751117331605189,-1.69898669034839,-1.4833644902045,0,0
1.0621331139464,0.969223196094122,-1.52922471752837,0,0
-0.882405658217716,0.557258908665297,-0.379141479018643,0,0
0.703523249652843,-1.61553720798441,1.30766221735098,0,0
1.89547358906124,-0.643032652942557,-1.33072806239722,0,0
0.219442782378379,-1.19540642647401,1.61422485364465,0,0
1.66171543773653,-1.62662972898981,-0.0211602351345814,0,0
-1.08927488975708,0.217377833492945,-2.14941653777209,0,0
-1.00348828451183,-0.76715682038815,-0.790121611162402,0,0
-0.0372964802457165,1.29497646600796,0.175091843179389,0,0
-0.124499889595947,-0.205592096762333,0.791888974094712,0,0
1.098938877852,-0.956057855449086,1.75500559997304,0,0
-1.87583357246279,-1.25882283789639,-0.0443870531789367,0,0
0.976854473158602,-0.170949432032044,-2.02983699841773,0,0
1.28154864835623,-1.73113972706057,0.547494597026529,0,0
-0.68128610467683,0.226326586988862,0.0041342429350125,0,0
0.830076872296766,1.66853971522062,1.79319979200879,0,0
-0.920752783354787,-0.296678567731072,1.54265864186023,0,0
-0.701534900981012,-0.0662482979534088,1.09223537018314,0,0
0.768923134680831,1.2385335100495,0.599411085582423,0,0
-0.268894704445342,-0.312707392860796,1.08329815828188,0,0
1.36582557450576,1.75669234161616,0.845447920865986,0,0
0.154450216829985,-0.221704254804867,0.552454254960769,0,0
0.206853209694775,0.369175656840813,-0.752593291427038,0,0
1.33788422882819,0.547557515970054,-1.10560590737856,0,0
-0.444108532923432,0.648660592658043,-0.233782351817381,0,0
-1.24658986128374,1.44258777252606,1.12603187503262,0,0
-1.15833229652398,-0.368400861677186,1.69115762985894,0,0
1.38095435666251,1.39650105075406,0.941193513697019,0,0
-0.594444777257545,1.25331568056945,-1.02470070247672,0,0
1.06967814868862,-0.510403033501609,-0.0156436730183787,0,0
-1.61542772252444,0.860537755816746,-0.0690168089219743,0,0
-0.961687044988334,1.43708652303603,-2.08505863018873,0,0
-0.954640801088732,0.313398609698184,0.528143990493477,0,0
-0.405754463150054,-0.30322062743891,1.25135264454103,0,0
1.43776789938158,1.70084189213763,1.25009691867659,0,0
1.80059073145335,0.316126632687358,-1.55610789051238,0,0
1.41917357633467,0.600918078332286,0.289512494671059,0,0
-0.213288962564868,1.32027992538713,-1.24782338808358,0,0
-1.14810180227075,-0.571062226859793,1.6930158296428,0,0
-1.56512957170284,1.44421782951307,-0.731056100770946,0,0
0.341018054548102,-0.688261045347699,0.967497517952998,0,0
-1.61051629808241,-1.66403879973469,-1.0078958970668,0,0
0.12882509775847,-0.222879747730732,0.459514662040111,0,0
-0.0817908881630448,-0.910366580471063,-1.36968566496227,0,0
-1.69484019484017,-0.262922618216971,-0.551569723695309,0,0
0.383195626587535,1.69009875501137,0.65181738504102,0,0
1.13145819650377,0.312750170851779,-0.050380016247778,0,0
0.399656669296724,-0.559997590841369,-1.06413574562744,0,0
-1.77195767827849,1.18924055486771,1.85247183709201,0,0
-0.372992540066964,-0.0798350514437588,0.13708441256187,0,0
-1.47403760703395,0.631722921312165,-0.0567555754060663,0,0
-1.78642822102637,-0.0772421353903179,0.546045433619404,0,0
1.3202124026822,1.08843899731678,1.63329725660659,0,0
-0.636676125507101,-0.12542042277193,-0.195052422811558,0,0
-0.758776891983258,-0.3879065455434,-1.14257476585988,0,0
1.25175034926022,0.54388126566387,-0.587740609669888,0,0
-0.302168500004251,-0.0654290103052604,1.60438594989841,0,0
-1.83944953005417,-1.56540264074317,1.78185667390771,0,0
-1.67880080012568,1.21484573956771,0.613956067911261,0,0
0.899822350653513,1.1369916067787,0.173594493236974,0,0
-1.59897858895438,-1.48374207540257,1.73057060181306,0,0
-1.61053481711257,-1.08354682257457,-1.53402469511815,0,0
0.545342909316079,1.42143767179406,-2.15011881544986,0,0
-0.306130041307425,-0.836621724968168,0.559395359301529,0,0
-0.239903787951734,1.95553389510979,-0.619641926272815,0,0
-1.57291925299973,-0.781424392700616,-2.06787370174047,0,0
-0.824124571801482,-0.578567940262678,-0.0453401010733333,0,0
1.14210722863149,1.11662146185914,-0.873243420982865,0,0
-1.53164719706535,1.36032348832241,-1.83274042123521,0,0
-0.82577719333285,0.130818211218041,-0.144727739970751,0,0
-1.35988912481961,1.33304601727905,-0.616083817160417,0,0
0.645390454512256,0.230631663138018,-0.846873761927209,0,0
1.84597770490683,0.186372365489998,0.94971130706348,0,0
-1.07251293937498,0.922650376003663,-0.361158951602673,0,0
-0.463133964504407,-0.92172925331033,0.561255977472248,0,0
-1.42793642086346,0.632466435511009,-0.0926477607697924,0,0
1.09062744997895,-1.58907326239133,-1.98862408763363,0,0
-1.62870947318383,-0.768932458629081,-2.1495452133645,0,0
1.10294675215334,0.715458579456066,1.51013602051649,0,0
-1.40706477516582,0.466840568918026,0.0374794154514279,0,0
1.07847728981495,0.04768396194906,-1.54192995938032,0,0
-0.503747317877053,0.0263444640864999,-1.49109972132086,0,0
0.464549293895041,-1.32874310664008,-1.66406599886606,0,0
1.60982916938306,0.350834632129148,-1.3123758264946,0,0
-1.47793186807713,-1.72050494041992,0.719490016255233,0,0
0.843437148178129,-1.60103743260032,0.624184347126094,0,0
-1.28339672329557,-1.16627890126898,-2.17940350124776,0,0
-0.883234482229746,0.0564734503396049,-1.44607365119951,0,0
1.06497373321038,1.23255201475833,-1.78090347725969,0,0
0.384025787809565,0.196983092491303,1.43191519162071,0,0
-1.51537109935494,-1.31536933095289,0.954821615618128,0,0
-1.27540414739096,0.377492497211052,-0.397534907469613,0,0
0.78845736758247,-0.180762527980024,0.291446757732482,0,0
-0.854301297785381,-0.429769890118263,-0.744319111309826,0,0
-0.749144865623001,0.881586663194588,0.241092750559113,0,0
0.261957352591627,1.21342794330224,0.728255687694648,0,0
-0.565259525185793,-1.89608548461452,-0.852301314449598,0,0
1.91152438282681,1.72489791048926,0.757112119595469,0,0
-1.06080467309644,0.465521061187532,0.687103650613053,0,0
0.368766660443832,-0.92207032688859,0.878453132370092,0,0
-0.322541438988381,0.0953576501239202,0.730459286571269,0,0
0.1754797666606,-1.57327434311755,2.0709060702996,0,0
1.2019584440056,-1.80257107836738,0.331907129086683,0,0
-1.83761654988865,1.18357496504958,-0.151968743515577,0,0
0.689181814087728,-1.09198582683098,0.485289462716043,0,0
1.46962797704535,-0.70358608223548,-1.57692630602289,0,0
-0.325973260047292,-0.712921590875752,-2.12935761012489,0,0
1.52238462210466,0.428497352478053,0.0205752587816662,0,0
-1.67933315936717,0.212630441146218,-1.28832322095159,0,0
1.73951585469024,-0.791225461565878,0.74134529513802,0,0
0.0195800379798275,-0.155568234698392,-1.73821911625177,0,0
0.0139464271526873,-0.129227221162877,-0.225525883929071,0,0
-1.11278935036469,0.736416173879187,2.1464879097003,0,0
0.712032294139168,1.18780603947018,1.19040386068465,0,0
0.203531495924223,-1.63305018862375,-0.750503538946889,0,0
0.440388482649601,-0.168697418041157,-0.835285124414282,0,0
-0.705964074362655,0.823456519097337,1.68016715690049,0,0
-1.25413033711399,-0.838402258705258,0.265906092132443,0,0
1.34494255101071,-1.16765537502177,-0.926786859304302,0,0
-1.20464857602255,1.00252040404486,-0.304042319873081,0,0
0.351512225359781,-1.51097250096505,-1.50296448921265,0,0
1.82097555212396,1.37317477060575,1.24051981720223,0,0
0.153306876597971,0.974228937622129,0.641385222350484,0,0
1.20617795082928,-0.190757186075143,1.03244231103417,0,0
0.597582140005413,-0.489805700520186,-0.454403821069795,0,0
1.0542849292692,1.23092721363292,1.78538254326094,0,0
-1.74669341462411,-0.289580283501325,1.20706473006605,0,0
0.246724323845714,-0.00344900186548266,0.438095983475354,0,0
-1.4213843336211,0.233009505794804,1.65259384676345,0,0
0.732199584394321,-0.378255752718349,-1.49434543133764,0,0
1.5987341237004,1.75528465839111,1.65703825366099,0,0
0.253150244881742,-1.22097825228153,-1.09731456572413,0,0
0.311063299225313,1.15165477276828,-0.195083333419636,0,0
0.0873194861423037,-1.42580659980688,-2.17613606016749,0,0
0.624746951895392,-1.42805430036022,-0.909118957033637,0,0
0.359826105374876,1.11904883788686,-1.85299248982094,0,0
-1.57414318094516,-0.282091130487235,0.114915503625567,0,0
-1.28427267554721,0.876774186111378,1.91490913046702,0,0
1.86861359906153,-1.32769460011113,0.713366436000857,0,0
1.8942811997893,-1.58265333920012,0.871664134338439,0,0
-0.75703282565595,-1.12502520744609,-1.4945012892339,0,0
1.12172600868662,-1.84539026811108,-1.85128250911071,0,0
0.734220901289936,0.404608369440665,-0.287887949174768,0,0
-0.353594609600583,0.90288297011806,0.134801156739479,0,0
-0.368753532116517,0.183227301149615,1.23291438128306,0,0
1.49713630312979,-1.61956071099585,0.0189291998119745,0,0
1.24863192594697,-1.55174062196441,-1.87312181590985,0,0
-0.869278257900739,1.77971026298247,-1.13983459688953,0,0
-1.18905369116593,-0.415080176599291,1.8870214351,0,0
1.75980595661433,1.86125166413713,0.867581276782269,0,0
-0.559645116162919,1.65452695412184,-1.35074086455378,0,0
1.32473351500759,1.31538739973441,1.09323269713134,0,0
-1.83960562585414,-1.51839684202562,2.06647475548964,0,0
-1.06212716316018,-1.53349150595085,-1.86076227684094,0,0
1.597248168127,-1.60267830055071,-0.533694523457995,0,0
-1.69307547171785,-0.27276731319681,-0.397059602838853,0,0
1.43558440282327,0.000184524608216443,0.118030679465485,0,0
0.616148867819989,0.344634932367364,-1.55920403205842,0,0
-1.04375646944612,0.283829041078534,0.300622319930596,0,0
-1.84224159619716,0.557511739237507,1.54871157869608,0,0
-1.57684398206283,-0.179152038380568,-1.30570852626523,0,0
1.04085762994301,1.53342091753414,-1.49275662709473,0,0
-1.75152559653284,-0.101609345270041,-1.84581314046262,0,0
1.06938843372909,-1.73083133269819,0.826111048219287,0,0
-0.379713317679259,-0.818183902448463,-1.7717022755043,0,0
1.10691062338996,1.5068771696973,0.141815473718459,0,0
-1.75135657053206,1.80308228126057,0.719931204320955,0,0
-0.485481026612396,-1.54313631214791,-1.35185970911469,0,0
-1.08819433640523,-0.823139783995838,-0.058623550979749,0,0
1.79570510453751,1.91843643099751,-1.10142201004464,0,0
0.270708104427329,0.495584081405367,-1.18012413639252,0,0
-0.200354615521345,-1.77273000129761,1.37242947309975,0,0
1.17937041311323,-0.563494661973945,0.452716907605646,0,0
-1.24815081839793,0.0758479995008487,-0.134098600733576,0,0
-1.09416535365374,-1.10500241011282,-1.5902260003219,0,0
-0.552288988457579,-0.463541227693063,-1.71973772695072,0,0
-0.163464712768485,-0.919165550578265,-1.62550979385513,0,0
-1.48570379901823,1.54054637879241,1.97296212534753,0,0
0.406311936902534,-1.79552591656595,-1.53641481347308,0,0
-1.49558840929292,-0.413915639695298,-1.1800699772819,0,0
1.76251420182952,-0.12500848857456,-1.07992631765177,0,0
0.331596050744764,-0.942080852638033,1.86958912460622,0,0
-1.235747240113,0.232510644153341,-0.0182794616179939,0,0
0.0942455626836089,0.606391271319636,1.61727744600583,0,0
-1.67151920018142,0.662042299121992,-1.05879404836924,0,0
-1.18637696956954,1.52854617295115,-1.31540349600755,0,0
-1.75461930271475,1.61834900486755,-0.66473949520696,0,0
-0.305587915119521,-0.550608449787254,0.852708181410893,0,0
0.825404554286389,-1.7368263603961,1.84631269571921,0,0
-0.211087062986015,-1.28074225316853,1.00998126116792,0,0
-0.0675579711745402,-0.794929779322551,0.820589624021847,0,0
-0.433931751119315,-0.831126191147807,0.0207870098599877,0,0
1.08846780889283,-1.73042693515639,-2.00892691197433,0,0
1.77921569349378,0.633338748881808,-0.923789260189684,0,0
-0.189391192924515,0.476241194225896,-1.11205448177639,0,0
-0.826179064788654,0.63689883743922,-0.190157880120612,0,0
0.605069050391088,1.94703171377298,1.80302389085432,0,0
0.992451283243402,-0.603882576444572,1.23128131519546,0,0
0.36100443357372,1.23929611449381,-1.47575720076237,0,0
-0.48264174810069,0.26162866118451,1.14222148594998,0,0
0.0593290967382166,-0.534833435971144,-1.03480780724884,0,0
-1.32956138886159,0.0546529762509801,-0.714848258314326,0,0
-0.863917251058546,1.60968766334188,1.76805334270026,0,0
-1.21700921215507,1.63353714211554,2.01268756017223,0,0
1.53179887628898,-0.210839690032738,-1.94657292488984,0,0
0.260732021018478,1.82578599953844,0.817709879002977,0,0
-0.575613370419808,0.51968915781047,-0.196669079501517,0,0
-0.798972071450497,-0.2321187924712,-1.00067522761021,0,0
0.965121092127993,-0.0800552347312054,-0.372056595556005,0,0
0.262660627639284,0.207788306442968,2.02711877405176,0,0
0.272305525752759,0.315985838363802,-1.92205260697285,0,0
0.530736973612849,0.17075915484678,2.08831499664251,0,0
1.78305489602215,1.13591393528121,-0.68587279804871,0,0
1.04652617383167,-0.844924576772883,-0.893927570975386,0,0
1.01831556807972,-1.51919465189319,0.349676381911472,0,0
-1.29725820053983,-0.909552671847394,-0.070613548591664,0,0
-0.479218995273836,1.8994033276401,0.92677000747656,0,0
1.59679484862338,-1.10932891842667,1.83411308602078,0,0
0.00972821414610346,-0.506505833561207,-0.958242692648774,0,0
-1.77264687985506,0.729068576973836,-1.6514115168183,0,0
-0.166034056401828,0.641288450760397,1.39388961753411,0,0
-1.7747274236413,-1.89009933102975,0.445757028120035,0,0
-1.80864235914689,1.92573068651832,0.179227521584386,0,0
1.43836678880566,1.38302748576947,0.919334156253893,0,0
1.75491779165619,-0.0820788290314927,1.07121316635321,0,0
1.5173879155451,-0.00860797534267505,-1.94859120892623,0,0
1.37882787395655,-0.856873482084052,-0.0617988989976519,0,0
-1.03507362751035,1.9114432302441,0.940294060049338,0,0
0.747309145264274,-0.237418730875336,0.218225168748563,0,0
0.589464022220986,-1.2989251112052,-1.70609264469427,0,0
-1.53032462198694,1.69982271753134,0.946262829126594,0,0
0.387108572262377,0.241667315739098,-1.79576353115853,0,0
1.7137995635782,-1.86095012459732,-0.255652401182645,0,0
-1.38878731775487,-0.660338068558962,1.40826039502512,0,0
0.117563843957299,1.13423972486006,1.33403298082692,0,0
1.66624628867011,-0.0448730180828646,1.30243635869744,0,0
-0.197060356177574,-0.814664695754333,-0.520068148522226,0,0
-0.349239801920794,-0.267962988583535,1.52200330498832,0,0
-0.487873718605675,-1.33449630175426,0.909034045179272,0,0
0.30061865300441,-1.32629260883549,-0.619971095145195,0,0
-1.47432881594929,0.104855155348412,-1.17806617825914,0,0
0.621571985852786,-1.63523719907442,-0.250277112743585,0,0
1.166480534944,1.49216858306446,0.307660813692046,0,0
-1.26926833362177,1.11567428918126,1.18216009616037,0,0
0.0203766972207106,-1.92112059216241,1.13498682953181,0,0
-1.34996081345943,1.03878983776958,-0.847203911719164,0,0
0.740942223527497,0.0616261251761935,0.828453749387614,0,0
-0.0500178796961395,-1.35327775599073,1.57250580658117,0,0
-1.0877210490797,0.601813262592612,0.430664220936035,0,0
0.85171180366173,-1.65826229125695,1.83550103964149,0,0
-0.609971253638593,1.82217156878411,-1.00694776693019,0,0
0.135537227784239,-0.0113752590067834,1.00698777300727,0,0
0.379232163598466,-1.48258109836179,-0.746715436081595,0,0
1.01209623181967,1.3122369226138,1.99921582128552,0,0
-1.72715261522435,-1.7289192993291,-0.152093768750923,0,0
0.522552327416969,-0.89129020132903,-0.570288449980005,0,0
-1.23021154139613,0.387453098490739,0.589722030714278,0,0
0.811909209568132,-0.893612439141354,1.82268125189315,0,0
-0.871266590873386,0.795224620626656,0.972887555616217,0,0
-1.57262990200927,-1.32903577082267,-2.07350867573022,0,0
0.834542588705345,0.697702788228547,-1.52568121186881,0,0
0.977579959175812,1.1473779602179,0.404402415455504,0,0
-1.23068423893235,-1.85539492703156,-2.05052535350821,0,0
-1.06106128900897,1.53948333904434,-0.12112089404434,0,0
-1.35760766921585,0.524364238953127,1.20952244380149,0,0
-0.658337541600202,1.57783977679075,-1.93428028068921,0,0
0.630850533590147,-1.88595151015033,1.91658247398296,0,0
-0.135198316135722,-0.972970959907048,0.0857810928844363,0,0
-1.03458259425687,-1.08947431778792,1.8253878053874,0,0
-1.68913402487304,-0.768841165745347,1.06833506733561,0,0
1.32808459514955,-0.336138311274468,1.59738323085088,0,0
-0.127175330658787,0.169694944595244,0.316152756942643,0,0
-1.70823726082237,1.43817986906195,1.69638557891384,0,0
-0.5450800556928,-1.90560636250321,-0.397066855974824,0,0
-0.97967097152061,0.810044011879416,-1.84132572798581,0,0
-1.08197796060414,0.221868839965835,-0.354785020224237,0,0
-0.776701526978336,-0.744832994801759,0.51800652884187,0,0
-0.737734466857148,-1.57490642271264,-2.03386637510489,0,0
1.52037588118204,0.973069787041156,1.29651421619978,0,0
1.0226380560137,0.0345922940176902,1.81402427828781,0,0
-1.48246080529494,0.529774259421652,-0.53771338537567,0,0
1.00745801177874,1.34323494154367,-0.76509446758912,0,0
-0.300698978830314,0.813056986318318,-2.19209395439581,0,0
-1.03742822584443,1.43459220753018,-0.413441903208521,0,0
-1.85258117490593,-1.66428046445198,0.188361092528735,0,0
-1.76307799460278,0.510289239548729,0.280090894763034,0,0
-0.926875311809782,-0.0624118656626796,-2.15845777270186,0,0
-1.03948476361166,-1.75456549817843,1.865169169837,0,0
-0.706352048575718,0.303776164405121,-1.28735536005808,0,0
1.57883015489031,1.34054098723006,-1.8503955766129,0,0
1.6914522809634,-1.25931797728211,-1.34521040152157,0,0
-0.00718036972547271,1.31857587944401,-0.00844996417174821,0,0
-1.1596767380854,0.137876641766424,-0.931652898638717,0,0
-1.14955690637263,1.28006079696819,1.10567956841147,0,0
0.0368539263698937,1.81282152236312,-1.08135597705739,0,0
-1.56962625293584,-1.10528604691291,1.27050076558593,0,0
1.14448643340072,-1.76929198630692,-1.98594619845175,0,0
0.294979035359102,0.362277551510835,-0.618970012560642,0,0
1.80718050499293,-1.49043061408483,1.48582343281862,0,0
1.45284398306633,-1.41398654110818,0.308210366544849,0,0
0.806571290409333,0.878706212920338,0.237837094685961,0,0
-1.43938508066115,0.538601522321786,0.599061788118884,0,0
-1.26580255982682,1.71605359637347,0.39499445731445,0,0
-0.603378800365598,-0.0907006316253595,-1.61400900988838,0,0
1.88203162736024,-0.73041961133134,0.956977476408758,0,0
1.59855642974499,1.29252738959418,1.37501552026989,0,0
0.157102253175537,0.217177823371928,0.377767835228889,0,0
-0.939077463761284,-1.0397409631878,-0.446520435667044,0,0
1.63000322981732,-1.50137116943785,2.02406196242042,0,0
0.987756183071121,1.21997890540507,0.909372449272792,0,0
1.55834732115451,1.4106455687584,-1.21529629338215,0,0
0.600022631500011,-0.595301134780646,0.8277871694889,0,0
-1.79910231423771,-1.43360617252839,-0.441119862988326,0,0
-1.5134605636661,-0.0174142412536,-1.10163239552904,0,0
1.73361091332715,1.42992719107511,-1.31376882947222,0,0
1.50003702865495,0.571218981598933,-0.670285585128207,0,0
-0.142853270425563,-0.655336165151034,-1.02859271296822,0,0
1.11423844032278,1.63224367375355,-1.27655845117992,0,0
-1.11353199606282,-1.23775458847344,1.2625690984916,0,0
-0.688771513136571,-0.574313805190491,-1.03022624775114,0,0
0.136809212046157,0.650146145838199,-1.03373824655739,0,0
-1.18209876542582,1.0580023693633,-2.00184571227468,0,0
0.146865005569016,-0.858199691699522,0.184647290525131,0,0
-0.554088389597395,-1.66909974103815,1.21909627250703,0,0
0.0625892058639399,-0.50864363177673,-0.158467207138819,0,0
1.13497441588182,-1.2942862308243,-0.382295456352179,0,0
-0.19999480773297,-1.74084234134906,-0.908935626303171,0,0
-0.789225380661044,-0.00325170497696243,-1.95816825978555,0,0
1.67265370750181,-0.587886846547546,-0.0910629581523528,0,0
-1.76231531023718,0.651765824300367,1.91372957518404,0,0
1.35097441219981,-1.76519940990651,-1.15810194123841,0,0
-0.192493680413951,0.677193580564206,-1.26721491080684,0,0
0.525957522056617,1.75207562416634,-0.311391271137017,0,0
1.0882624754266,-1.39780163303682,1.74832750152993,0,0
-0.811355357795058,1.53285250901089,-1.12933876249679,0,0
-1.40953002895581,-0.479333268092254,1.71712067396162,0,0
1.52003045947079,0.326920436282993,-1.49161410582799,0,0
-0.334019410252171,0.387497913355128,-0.476722908894285,0,0
0.993912566849508,0.381353362279014,-0.49717016225405,0,0
-1.45664310407297,-1.45518107752193,0.644052699005271,0,0
-0.59137886201884,1.12159695732227,1.07501925578095,0,0
0.200446891626014,0.904052492837652,-1.69473773632457,0,0
-0.690943892254914,1.78963727546565,-0.635008028380845,0,0
-0.176854339081007,0.260182687078126,0.861142841590283,0,0
-0.340455796063415,1.57257952420154,1.31449591150441,0,0
-0.027492326620159,0.563929844179765,1.87314614650745,0,0
-0.207763501031841,-1.8546846111573,0.283559766513915,0,0
-0.86312197330614,0.761371769300311,1.32079890184785,0,0
0.601276568740338,-1.44531936781914,-1.75753140820794,0,0
-0.968912891245697,-1.15140793396621,-0.963058583608748,0,0
1.21530392910456,0.0212444071666011,-0.196619559765936,0,0
1.19601596600655,0.950281712230142,-1.63785887383111,0,0
0.362291406100048,-1.53349198491758,-0.036902270367514,0,0
0.182850676292648,0.752362340298797,0.394076636479183,0,0
-1.70109222101411,1.68546511680731,-1.44976503073811,0,0
-0.258396900141854,1.70471588636795,-1.39683229735473,0,0
0.558532865379566,1.2843278258248,0.234832221177053,0,0
-1.87563928293426,-1.91638426531566,-1.76122216518148,0,0
1.41716567316083,-0.544376663816021,1.67508134602769,0,0
-1.49381117927202,1.12060691849036,-1.02570262729562,0,0
-1.51399033793011,0.0819998846980254,-1.74997681813854,0,0
1.07809199090746,-1.89249234644029,-2.17348271219641,0,0
-1.76588927406244,1.25123313869307,-1.8483347870739,0,0
-0.577067968861481,-1.52992512970065,1.23938692595398,0,0
1.11261059525591,1.49357871312526,0.229195777326393,0,0
-1.4465818660686,-0.618918803691561,0.627295111358677,0,0
-0.54595206804557,0.0309553554762249,-1.28953281423928,0,0
-0.622169773869424,-0.633169201625497,1.64804265932974,0,0
0.771668580901125,0.0168408445095563,-0.193217585920241,0,0
-0.533166456833603,-0.667217908378579,-2.06728925791244,0,0
-0.333236781089459,-0.452509304646269,1.44137598377051,0,0
-0.706546380611584,-1.42249897415769,-0.0366107499780234,0,0
1.7701851813857,-1.41513579578031,0.409286827039011,0,0
0.747296499331288,-1.56343980770633,0.653194532349592,0,0
1.49076762442305,-0.180096766047323,0.789852588093576,0,0
1.68138202520444,0.262794562915609,-0.101452329871411,0,0
0.951966403871309,-0.889778681765783,1.59612115887207,0,0
1.31088771942868,-1.71538986948954,-0.886041185112758,0,0
1.16221159297207,0.729483880360046,-0.265712142420111,0,0
1.52081818331504,0.688877640080575,1.85862952480072,0,0
1.28308740955555,0.433781055278454,1.29389837903867,0,0
-0.467990579276659,-0.325395510793398,1.72244620376208,0,0
1.43843253968706,-1.33937409621494,0.841362655045966,0,0
1.16755479012531,0.847893701911161,1.50733116754304,0,0
-1.20383531855184,0.407107317695213,1.25381707894217,0,0
-1.25711026620738,0.0413717633936061,0.454710129096271,0,0
1.71422124699569,0.399752570956952,0.521603592305322,0,0
-0.186960048616378,-1.77172437278281,-1.54568253757002,0,0
-1.57997009211966,-0.573598304615398,0.98819040005311,0,0
1.87047828704431,-0.643260528891876,-0.306758449733876,0,0
-1.81789515717883,-0.212252272403209,1.68460582810111,0,0
0.00414605756576052,0.81037855691304,0.305574558711517,0,0
-0.255466105103075,0.874010948575757,0.262866517960876,0,0
-0.432559785171122,0.662361841092938,-1.15310746723921,0,0
0.924826515450373,1.4305314673642,-0.719163724396627,0,0
-0.814913755079004,1.37598252741486,-1.85760563209452,0,0
0.618034890058478,-0.616262294540888,2.02531673469741,0,0
1.08754645171989,1.03045759200461,-2.00495119837036,0,0
0.868185375408726,1.72575661846791,-0.286318755224955,0,0
1.85843802871654,-1.25644693482679,1.05999679136211,0,0
0.188388018626581,-0.948282774805453,-0.0284762127211984,0,0
0.631742549187615,-0.670826425490332,0.167389865135388,0,0
-0.832025632064589,-1.74640586290046,-1.88738573896673,0,0
-0.368361815486591,1.57946692622162,-0.664311387081208,0,0
0.248718485637052,-1.29931114379403,0.604385114140285,0,0
1.85290109905801,0.542994713752529,-0.198499234501157,0,0
1.79210790779544,-1.66275329134362,-1.00726559702015,0,0
-1.04882275874646,0.345476171288915,1.31923825171766,0,0
-0.382713361599108,1.7193786098835,2.1377889418043,0,0
1.43502734150513,1.68524924057118,0.530259181083022,0,0
0.752317149919983,1.58506241355654,-1.27070118299795,0,0
-0.597303853561816,0.766549390548932,-1.20724359862874,0,0
0.748105963022104,1.71471706844611,-0.614692471319377,0,0
-1.29448889796179,-0.899688628436222,-2.02230080792955,0,0
1.50848922134815,-0.63449761996184,0.337162834420053,0,0
1.50106184248902,1.72772721167813,-0.080035095860042,0,0
-1.35324104183946,-1.13575027521027,1.50253974389589,0,0
-1.74140313467854,1.95648426637313,1.51174902178789,0,0
-0.527830737429532,-0.913380534739051,2.06087735203561,0,0
-0.436817244848439,0.0540483395964455,-1.32337437052816,0,0
0.460162678328629,1.55383697027456,-0.239629998079272,0,0
0.0471518912805668,1.50029437865858,1.62667254083931,0,0
-0.592725985084817,0.930141660191631,1.17706032363352,0,0
-0.626293629441861,-1.1856401625246,0.963548699159415,0,0
0.302395116122084,-1.58506932950439,2.04325066762082,0,0
-1.68526044187854,-1.65348045618445,1.2746683608261,0,0
-0.353076102437794,0.106618832193492,0.486289583614737,0,0
-0.886827555760045,-0.2811570085124,-0.840912782505403,0,0
-1.23648776575765,-1.6459982933477,0.663700430025613,0,0
-1.65094928307965,-1.66698647048089,-0.383004197571209,0,0
-1.67813995271454,0.834506816220285,-1.16982552048633,0,0
1.82178835175522,1.89503811425272,-2.10268015186892,0,0
1.14414807322096,-0.465962678218073,1.66676319155925,0,0
-1.75768784101042,0.90596556716111,-1.54426431918921,0,0
0.188243820453333,0.894989080180024,0.112064674981996,0,0
-1.81120551796258,-1.2048807351116,-0.373924911262791,0,0
1.07592220119445,0.392156206029594,1.72009047124423,0,0
1.00225462480169,1.91428954889288,0.328042215865759,0,0
-1.83801590367026,-0.281229973848178,0.359873515664418,0,0
1.23279413290867,-0.594769756315834,-0.46740374270235,0,0
1.37896916391944,-0.713632122056962,1.81389757465757,0,0
-0.271884056884173,0.109062798716489,-1.70612162788142,0,0
0.534403069436014,-0.206957168369954,-0.647305040659874,0,0
-0.287990599023221,-0.201573402576878,-1.04618781460713,0,0
-0.643277374256735,-1.72806753682421,2.06563028091631,0,0
1.03453004254835,0.0825457489414448,1.88304968364175,0,0
0.802016050005139,1.94199589404653,0.503861721207662,0,0
1.61746896980698,0.753947720181373,1.03800119441423,0,0
0.442513915955658,1.58963284457371,-0.750134850859551,0,0
-1.66569217122618,-1.39567152748317,0.325342822375796,0,0
1.56009922831449,0.542090532216184,1.46362712798298,0,0
0.791211723517874,0.777808737947841,1.86914682705871,0,0
0.319139875828337,-1.53066995672449,1.3184812804344,0,0
0.274029479910317,0.0555928440019628,0.814433838426537,0,0
-0.481586524694297,-0.722031126661185,0.423458225793343,0,0
0.240111680472849,-1.7059571935526,-1.42443300237881,0,0
1.53393976544016,-0.0717085424172815,-0.960750086063337,0,0
-0.842708706370873,-0.476439732446888,-0.116608292484157,0,0
1.264816051062,-1.73728063890184,0.873718285208125,0,0
0.693008531856771,-0.950863175686269,-0.297508322463536,0,0
1.54259932575281,0.0180592638024108,0.884547728425009,0,0
-0.749792410894137,1.02294812897645,-0.864117978814768,0,0
-0.412024794931882,1.29003173754306,-1.43947982579429,0,0
1.5653547363722,-1.67343890502153,0.806095389349585,0,0
1.09306268650392,0.615505175281664,0.65787546740236,0,0
0.18545248579078,1.05548308554979,-0.0243609939297554,0,0
0.465881182508276,-1.01731581469815,-2.06194163565706,0,0
1.64289439826136,0.381681604110446,-1.35992000827248,0,0
-0.727547222934523,1.04594376972272,-1.94259644902329,0,0
-0.496573395218342,-0.574816524110702,-0.705708140820036,0,0
1.77535038348989,-0.604982041384528,-0.0785701324604213,0,0
0.267944851174789,1.71126430492935,-1.06930443863667,0,0
1.16646979121438,-1.8696495946118,-1.5914996175925,0,0
-0.0593249020363881,0.156361421272207,-1.97054879397519,0,0
1.4372297494009,-1.76021759481948,0.635831455139188,0,0
0.790346599124961,-0.205635975588881,-0.712820283521394,0,0
-1.38989419023336,-0.57056859279809,0.788279481600771,0,0
0.60034748320206,1.38281411658206,-0.0547508683493936,0,0
1.16278816338711,-1.15655166535351,-0.67483301085176,0,0
-0.964669418253645,0.534532637896733,-0.291284309811956,0,0
1.40806381160074,-0.809462993883068,1.25820694205475,0,0
-0.0570431931597396,-0.823499050099052,2.00090486558847,0,0
-0.623966033894093,-0.274079608144481,-2.13907523111222,0,0
1.90795786752692,1.61688991345893,1.05569155053123,0,0
1.01077719016371,-0.223451140444803,-0.0649515795737312,0,0
-0.0864438095438575,-1.42757741462474,-1.90435650908512,0,0
-0.898415555496504,0.93881090147526,1.37153392794586,0,0
-0.419453735050108,-1.1868456241708,-1.68425020684844,0,0
-0.744871458609466,0.0653160529476055,-1.88311841386618,0,0
1.04532837904327,-0.699472210518015,-0.850708616897415,0,0
-0.243621160907788,0.925974448001949,-1.59060358147267,0,0
0.616829282775622,0.38327243873986,-0.842800022165273,0,0
-0.955192143398806,0.90175438217617,1.59318668481718,0,0
-0.755403375051512,-0.0730266834960343,0.519630993408695,0,0
1.65880534111454,1.1139302919388,-0.335242702121543,0,0
-1.34767885928002,0.569315135367843,-1.39936153318588,0,0
-0.0434787137988835,1.55155945609486,1.51222477183104,0,0
1.17122178125927,1.02497179443751,0.194068398454917,0,0
-0.602831903614599,-1.77395328324319,0.714878669803452,0,0
0.203519112119821,-0.429174904871456,-1.23236351654289,0,0
-1.68562664170783,0.356423362840043,2.02519069716116,0,0
0.727959478337649,1.91804864310965,1.64540005895735,0,0
0.122564217660309,0.445516925310451,-1.16650695314895,0,0
-0.412264235223245,-1.87592251789523,-0.0204626535207084,0,0
-1.04867708521437,-1.85868612457801,-0.10568234054837,0,0
-1.69079074747693,-1.50772369972908,0.85846753377571,0,0
-0.590258589987691,-1.24187334291462,-2.06123472366576,0,0
0.12836938101812,1.11794398388694,0.0858769699275765,0,0
-0.508499930477333,-0.941220882924154,2.12686808984046,0,0
1.8933654695252,0.265972856599375,-1.233669976904,0,0
-1.70181297631885,0.0497440516896826,-0.784180552810069,0,0
-1.6046574045641,0.405831588436332,-0.544031344612568,0,0
0.694421787484618,-0.465888750387243,-0.362498090049235,0,0
0.329311495647624,1.85236006642557,0.734562499474001,0,0
-1.53290848010499,-0.716684390926548,-0.334619366705112,0,0
0.61733234383455,-0.900193489478121,-1.51054029812129,0,0
-0.518362196947035,-0.874579160618968,0.484717848789656,0,0
-0.988021608870469,-1.7676749407933,-0.0762312426049952,0,0
1.60749993641721,0.0631895045202178,0.469100106898517,0,0
-1.76191999199595,-0.00182779162209043,-1.58969319598754,0,0
-0.208121005453851,-0.596679412185303,0.0311675533028692,0,0
1.82528784361029,0.653780884781968,0.350451863116746,0,0
-0.360006749403479,0.657249012639173,-1.26712330364891,0,0
1.62020181171606,-0.929227258541943,1.71386989130501,0,0
-1.50248806663823,-1.57415406450713,-0.819234891134479,0,0
-0.658481226143119,1.28135645124312,1.06235248237562,0,0
0.122573702995618,-1.65623213009469,-0.893645491304118,0,0
-1.59920498037862,-0.290872707259686,-0.915066167138558,0,0
1.35385042679262,1.39480145874539,1.6161620614894,0,0
-0.269037860303245,1.50387776415783,1.14486532031717,0,0
1.88008000832945,-1.87677780559527,0.183943242333089,0,0
-0.0567416841851117,1.5956468083354,1.35326106250786,0,0
1.5666643874488,-1.72992120467583,0.870826244782486,0,0
-1.80774853344528,1.29607491097686,0.348369262542477,0,0
-1.14731816887218,0.577574121118457,0.366205762516263,0,0
-0.4164269425024,-0.0639707564041879,-1.35102232469689,0,0
-0.708803656624712,0.0718717390308861,-1.00276823160086,0,0
0.131215963707365,-1.84204998058005,-0.676854836929006,0,0
0.891665002138605,-0.199238530990643,-0.68867624797311,0,0
1.74870914244931,1.69875255075829,-1.77541655733853,0,0
0.00837409596635528,1.16902592360361,-1.22844962415507,0,0
-1.37600912761562,-1.29253094273941,0.0652167294700873,0,0
0.436170468010593,-0.819738300025868,0.0676862537201637,0,0
1.8944287073359,0.348385903308359,0.00978101529178701,0,0
-0.604494885423978,-1.27985652051838,-0.56848958216438,0,0
-0.0822085856320411,1.82840920088642,0.44464086615651,0,0
-1.20446888067999,1.86024855270655,-0.256979921451741,0,0
-0.540618540426103,-1.63309051671026,-1.2527836878166,0,0
-1.20659447870198,1.53974666491804,-0.84725025384221,0,0
0.605718825526318,1.44145953582644,-0.687957730964259,0,0
1.53422059459497,1.02259881443345,0.305500329723191,0,0
-0.588190415836744,0.960641103035441,-1.57378379097248,0,0
1.63551560706044,-0.86863143202623,2.02532797224973,0,0
0.0150101458276469,1.60179585440026,1.11286289611234,0,0
0.289251544419795,1.40823409351386,-1.76647628322704,0,0
0.924200292036975,0.94356323310939,-0.0899860926975879,0,0
-1.06104090054152,-0.713138030924149,0.287089170821902,0,0
-0.716881005444372,0.998748832060487,-2.15360362689076,0,0
1.40617928863148,1.31125343239751,-1.81293189937631,0,0
-1.1337159979007,-1.91132684008417,-0.960633389027522,0,0
1.35842887974551,0.648014465624398,1.01160175852751,0,0
1.72366095333406,-0.855200428481599,-1.61307870029687,0,0
-0.833844649455215,-1.4179070160948,-1.42416721366598,0,0
1.31625023528137,1.38188145978927,0.563406935689604,0,0
1.0012994840365,-0.185550270308881,1.86796697517156,0,0
-0.181296785378867,-1.01124309677169,-1.88839375480017,0,0
1.75584161071243,0.0836335280054601,-0.119410567127209,0,0
0.538318213980015,-1.30437761374205,-1.55188512892219,0,0
-1.25397887372826,0.802760407666399,-0.822282573836281,0,0
-0.330230624968668,-1.11058507117482,-0.755924206810836,0,0
1.84837392146687,-0.0864697661254847,1.85998392672029,0,0
-1.31925413344091,1.17465376901862,1.34903536423274,0,0
1.50691601060829,-0.98207088716368,-0.257060670670184,0,0
-1.12997551689315,1.90604690548716,1.55770919864144,0,0
0.482262389352583,-1.39729764052126,1.63906134249043,0,0
1.13628778723604,1.97109957491917,-1.78866182426718,0,0
0.912849902119645,-1.87753100586991,-0.903097116056931,0,0
0.981026749902173,0.0296241500096611,-2.077087728336,0,0
0.116629973686813,-0.25622432685973,-0.755803253049723,0,0
0.517880388430354,-1.76474316444406,0.963735397814985,0,0
-0.144210153353405,0.783283561246715,-0.299215585145833,0,0
-0.912030307754395,0.876766953257568,-1.30292872065302,0,0
-1.65948816948823,-0.836987730361379,1.82770313697621,0,0
-0.222463379722674,1.98317333545337,-0.343580709835302,0,0
1.05487018535025,0.857347537229833,1.45954932383292,0,0
-1.38689396565733,1.6619817182369,1.71925969715133,0,0
1.86418213294036,1.14127555547724,0.482651407574705,0,0
1.21857991560651,0.495477980694917,-0.154037890610842,0,0
1.85567995161794,0.640338912443018,1.96933965515601,0,0
-1.73991796903317,0.370500781710675,-1.76821472882636,0,0
0.28001925086491,-1.88432871338666,-1.48665095241873,0,0
-0.350203390133796,0.582819981897769,-0.213542680880818,0,0
-0.139763592699476,-0.29079304460052,-0.905378012205916,0,0
-0.344094526016753,0.171445560701784,1.2691222132037,0,0
0.298247192540776,0.438044597257255,0.821895140918511,0,0
-0.888273227660786,0.825421403024105,0.152642732389994,0,0
1.44644952808709,0.202260940949764,-0.186184943258011,0,0
1.89906391821155,-0.17913871580688,-0.717195707173889,0,0
1.65988118057975,0.963931236819581,0.36933197749753,0,0
1.87411602604534,-0.931682101715184,-1.85779437762252,0,0
0.625865497951515,-0.255930304236259,-1.04687132726305,0,0
-0.728015379270157,-1.04829390131343,-0.676817165163195,0,0
1.42109019765736,0.924465695497935,-0.445230669160132,0,0
0.674994806795151,-0.693287556697836,-0.754981455028926,0,0
-0.0174687554304662,-1.05527217472652,0.523714468468417,0,0
0.512678300583819,-0.954032289630498,-1.66330295580198,0,0
0.748784494371333,1.00277632189978,2.0546714636194,0,0
0.678919722713422,-0.869982097226872,0.715900144177398,0,0
1.47699228121422,-0.0138390584017514,0.369064193539617,0,0
0.737671174075716,0.794834049257846,-0.471663786322504,0,0
1.92483717004176,-0.299407069686978,0.151626622198534,0,0
-0.925222733671321,1.49888007018324,1.05002918772825,0,0
-0.0582918957985346,1.96976794248798,1.62499843404849,0,0
-1.82070030938286,-0.995265846779656,0.830734384362966,0,0
-0.919580420352343,-0.934703389191916,1.8400515528828,0,0
-0.63569400763711,-0.989846959496527,1.74901074997532,0,0
0.678313167799436,1.94589606358066,-0.780380748758635,0,0
0.968554963280381,-1.79786639525605,0.260129503320148,0,0
-0.575684930637369,0.784331080648041,-1.37804577424165,0,0
-0.812169628357319,-0.431705049825809,-0.630838055245851,0,0
0.926476206632144,0.335528163641165,1.58728284876905,0,0
0.506537508142696,-0.483279825326298,0.600524477890677,0,0
0.531535240162441,0.786069486296029,0.105684484547075,0,0
1.567603940419,-1.62315087501476,0.731176346879121,0,0
0.351646160667667,-0.726174739931907,0.933178678997391,0,0
-1.23692830560728,1.86567722277114,-0.301416128898329,0,0
0.720401393842731,1.95119357978161,1.44091554376621,0,0
-1.44457310035003,1.93565533518664,1.28639391709769,0,0
0.129670940645858,0.794711783192115,0.770340794912316,0,0
1.7028887340706,-0.160894154082702,-0.0673637539407408,0,0
-1.3116190593016,-1.12239614993154,-0.645871666109937,0,0
0.362583422654811,-1.256418768846,0.666202589844507,0,0
1.46238192740457,-0.179584572708998,-1.2503423895526,0,0
-1.20051615167928,-1.42543607844162,-0.275461123477121,0,0
-0.087323971793075,1.36183818731244,-0.736290463764374,0,0
-1.34008475512976,-0.944228685434669,0.910758542284446,0,0
-1.50013470190251,-1.08929473172067,2.10522850292341,0,0
-0.773786206381644,-0.953257693683865,-0.259772967959759,0,0
-0.944469652392438,-1.65426920673841,0.789397350303619,0,0
0.870113054838227,0.536647644594358,0.070625922903297,0,0
0.161580385269022,0.322520738203236,0.568298092234028,0,0
-0.740887069612242,-0.604438917743132,0.884738655461452,0,0
-1.11857674565532,-1.28060219599759,1.31207061670539,0,0
1.58371566402541,-1.92792469593774,0.709305422885876,0,0
-1.75272997730189,0.842917028646034,1.03137000801958,0,0
0.389979601984255,-1.33449478821939,-1.71751884435507,0,0
-1.30416967315391,1.6301609156579,1.16968391067068,0,0
0.318944965515564,-0.612317286422102,-0.417171030435499,0,0
-0.149537292474233,0.588081340215889,0.48911007360024,0,0
6.21225824735021e-05,1.29336260448272,1.72170139527418,0,0
0.123288980167207,-1.02807056836421,-0.869131733096972,0,0
-0.4213491584948,-0.966926658848713,-2.05100309879644,0,0
1.65492020409429,-0.344400624247313,-0.160614946239303,0,0
-0.229634281703695,-1.4166409984566,1.31841095791526,0,0
-0.947183521859758,-1.08813837739309,1.10442195865505,0,0
1.45470199916822,1.60312349179275,-1.81348157775443,0,0
-1.18339012506363,0.401738706409534,0.00674417230805646,0,0
-1.53459000219819,1.33567888098256,-0.353241235027093,0,0
-0.968492998449819,-0.789844104177056,-2.13652413970457,0,0
1.39830845108552,-1.62327515091613,-0.881492527419007,0,0
1.28848268085426,1.88810610446435,0.657795536123046,0,0
-0.497800280966028,0.26666763935444,-1.97848205240654,0,0
-1.16343237295886,-0.760020146746762,1.36369914614637,0,0
1.04578359278012,-1.83246723296204,-0.736360490691651,0,0
-0.201600276228781,-1.3872410077803,-2.00638658132529,0,0
-0.0649758275191119,1.23196593829273,0.999848998693755,0,0
1.85178540010795,1.80209265844548,-0.0273209880904225,0,0
-1.5389347976288,-1.84351040306002,0.236537235539044,0,0
-1.50773073925107,-0.398099854406334,2.05598117852791,0,0
0.539625472247723,-1.08195165717359,-0.86854717791584,0,0
-1.12299420118085,-1.83583145058332,-1.62634746171718,0,0
-0.883122545354724,1.10128227857489,-0.815551440948855,0,0
-0.665725648107086,-1.45735895293662,-1.60291946304054,0,0
1.42929248439842,-1.41489695924753,-1.3190949312227,0,0
-1.6800171732774,-0.224120381044453,-1.29712906656465,0,0
-1.10256235588227,0.701048425589897,0.66400783949008,0,0
0.298445359978306,1.40237593717389,-1.93312768500388,0,0
-1.73776498211654,1.07085900330158,-1.84765916631582,0,0
-1.80932191510007,-0.315507692385972,2.00890583986413,0,0
-1.13056036118437,-0.972081105406051,0.736600394815784,0,0
-0.581230468031795,0.849977263758599,0.141532480951777,0,0
-0.799262613531981,0.483885297995501,-1.57858743714073,0,0
-1.16941552162446,-0.353092148887945,1.91881393138044,0,0
-1.10061930562232,0.984241196148089,0.324716736537811,0,0
-0.996284555353654,1.7448705057228,-0.386641428122197,0,0
-0.333530518305832,-0.808270700628883,0.99113064827236,0,0
1.42013677489708,-1.77355472909552,-1.53623286554565,0,0
-0.829084545822223,0.371861559951743,-0.158221955986709,0,0
0.984199487851825,-1.24765215316962,0.994112050572527,0,0
1.77360984350048,-0.282018510007503,1.44486541636503,0,0
0.51251483153188,0.520825588946635,-2.1525867321661,0,0
1.33700645141774,1.11864230825886,-0.456654311748852,0,0
-1.4130308775034,-1.23226118309,-1.41529639554405,0,0
0.23549280304174,-0.99736424291102,-0.130014557773047,0,0
1.07499378691788,0.184982051879448,-1.95013290675891,0,0
-0.891588273978295,-1.86584268309347,-1.45066114480511,0,0
0.0197322434728275,-0.5215187246367,1.03420937438002,0,0
0.344688840347534,-1.0288698890297,0.932686228013932,0,0
-0.0343812862854679,-1.19438041131047,-0.76971076621692,0,0
0.436440897922327,1.7212988979021,-0.141632804075091,0,0
-1.79878243323747,1.84891323479774,-1.53943994615996,0,0
-0.422159480302497,-0.220582785677089,-1.6565027222426,0,0
-0.426647343034053,0.349309413205051,0.924933932541238,0,0
-1.62175257262366,1.06046344549028,1.58518287508668,0,0
-0.778065335945526,1.73343357844301,0.42594427180646,0,0
1.03055798067908,-1.5000628859506,0.126040757363169,0,0
1.17068569288447,-0.239094413777067,-0.690149859459346,0,0
-1.10210444292947,1.12510750612252,-1.38840702525392,0,0
1.61293792759038,-1.15981204298732,-0.113612034668236,0,0
-1.48956687207347,-1.12529841828082,-1.47166594920711,0,0
1.51033693207734,-0.652986117161779,1.59725669020108,0,0
0.0746959784340491,1.8040659968193,1.12408144046427,0,0
-1.37310130247949,0.150121304929109,-1.25997345982502,0,0
-0.5926225859857,0.038917962999365,-2.04886297726026,0,0
-1.06799050755099,1.9363940825261,0.959476957679462,0,0
-0.112043508341818,-0.408214903754547,1.32028237025051,0,0
-0.599198206352938,1.87451308152756,0.738182217219364,0,0
-1.32795918634623,1.52952484339364,0.741393656801368,0,0
1.42356574353651,1.95672620478569,0.74066922593064,0,0
-1.67152000250742,-0.589373531001506,-0.53200725878004,0,0
0.456763826138004,-0.112289259700007,-0.241829933438925,0,0
1.11000303841149,1.36599609021349,-0.16400108466197,0,0
0.325785132956103,1.48842438151994,1.26249303015254,0,0
0.126949312703826,-1.27714089592518,0.898399360557749,0,0
-0.31675113105955,-0.900921830010899,-1.17893365230899,0,0
0.900403437473189,1.11211032053716,0.806067097563943,0,0
1.48263024018779,-0.220435396209714,0.817612084661926,0,0
-1.44273071720717,0.159998518556932,-0.147115415643603,0,0
-0.645242281258424,-1.6336931097734,0.000696744413722445,0,0
-0.483178258006592,-1.27682892071629,-0.517254729458532,0,0
-0.912244301205118,0.845714037441682,-1.32388117391382,0,0
-1.41886619007609,1.37446498746787,-1.35977956468208,0,0
0.339176665014268,0.589745760557039,0.421313206745385,0,0
-1.10437273808434,-0.30639768037076,-1.90776430568562,0,0
0.326947723698708,-0.37101496174494,0.815746643889705,0,0
0.368389135951304,-1.17114085059784,-0.0467064886356059,0,0
1.83858615442002,-1.72570413615479,0.366240518855472,0,0
-1.08876583073568,-1.65165721412428,-0.159294101082363,0,0
-0.954853106643917,-0.496112197090736,-1.10152612924173,0,0
-1.2686395889919,1.92849893815139,0.154496736186611,0,0
1.1234613025621,1.08013719832656,-1.27558446586595,0,0
-1.51396028967015,1.77190610860206,1.35580179504036,0,0
-0.14263929645737,-1.13730435986274,-2.16203986221035,0,0
-1.59000409620407,-0.00205914988763035,-0.723335010485893,0,0
1.68782762713785,1.81881537864526,-0.372894953807277,0,0
-1.13983778513399,1.82769663341236,-1.79593703649643,0,0
0.83975924505633,-1.21639684790846,0.0549820363167314,0,0
1.75720674183494,0.542520460965593,1.69510334797486,0,0
0.943515688308095,1.83121466412912,-1.21582030993237,0,0
-0.904326562125354,-1.34433011096068,1.12098013517133,0,0
0.45162601381402,-0.261874901755047,0.918711058728174,0,0
-1.37296342284489,0.758251996228007,1.76613646286995,0,0
-1.19277213388998,1.29239141504442,1.59971322663057,0,0
-1.57410157865946,-0.479383147231555,-1.03341611216399,0,0
-0.846700363237286,1.62062631377578,1.46739914133772,0,0
-0.204110762254,1.28850681694681,0.841780431628701,0,0
0.82789014075294,-0.461135086769439,-1.31461498547735,0,0
-0.559130354959271,-0.516093456604384,1.67859291663067,0,0
-1.30583131421101,-0.340719922743634,2.08591426633721,0,0
0.402081665095568,1.52294659295954,1.87858085397262,0,0
1.50932416376011,0.471457249875143,1.14584915430663,0,0
-0.399714692053843,1.26868620469968,1.85609178969118,0,0
-1.50488336220595,1.19854578459966,-0.63744478951219,0,0
1.19208824814627,-0.357585969860583,-1.7607837153897,0,0
-1.42900305571891,-0.823557541516351,-0.229416028750006,0,0
1.02874237981572,0.991877053479047,-1.84479491658687,0,0
-1.39792835336899,-0.924129311812618,1.38407157224798,0,0
1.3720692922663,-1.80191739825645,-2.09641591746555,0,0
0.163459893257998,1.29457643299348,0.287619309767985,0,0
0.389474973467248,-0.895602806835211,-1.93951846714315,0,0
1.40448434573195,1.01296012076421,-0.521084675781658,0,0
-1.65337485538426,1.91462691481247,-0.636071931322545,0,0
-0.0924353179858819,-1.13922968752368,1.93452986240998,0,0
-0.57550920707418,1.20329097917333,0.616117844588369,0,0
1.25811241099138,-1.89738424350619,1.8457678429795,0,0
0.135016404857112,0.664288775345141,1.44231230238018,0,0
-0.215113504138264,-0.457631290943948,-0.368266588552712,0,0
-1.66352064402573,-1.40003931360613,-1.57778901112319,0,0
-0.935727030970654,-0.415683329825433,-1.00131116718519,0,0
-0.364017377826078,0.169916583029238,-0.615762329627291,0,0
-1.45513685036021,-0.858916933888884,0.973388600022043,0,0
-0.274497540845509,0.98800207941964,0.749446406219023,0,0
-0.968381320161102,-1.75423721620502,0.459804560723555,0,0
1.35685723912043,-1.58001559459753,-1.99440148527434,0,0
-1.01464723466341,0.686763832168255,-1.89043709125931,0,0
0.965782297309234,-1.6502610315747,0.895615345798389,0,0
0.851701457552832,1.43554264174342,-2.06988557285063,0,0
-1.51617685162383,0.0819078829435276,-0.68530180769968,0,0
-0.0554081909198758,0.694928279009169,-1.10972896036669,0,0
-1.3945519016598,1.41065363090889,-0.805002385848429,0,0
-0.873112309956686,0.96776289860166,-1.43743085992983,0,0
-1.01458402448101,1.807559198813,-0.414598761692955,0,0
-1.17637917553792,1.52698042431836,-1.41824418439273,0,0
-1.81250277372237,1.47343995201613,-1.13447171521034,0,0
1.67744588912013,0.330827373388975,-0.520190163174686,0,0
-1.41776140222829,1.51294463176215,-0.629172511508375,0,0
-0.332298931955044,1.23141339405996,-1.35390557835069,0,0
1.12345809060139,0.96213171227965,-0.362934784511248,0,0
-1.47546572694647,-0.00993132849178848,-2.0351681282668,0,0
-0.578883237636257,0.0266437909244075,1.58275033727471,0,0
-0.60931190549667,-1.62830240945437,0.0527464011534277,0,0
1.06729602862447,0.455977289601374,1.44774970661496,0,0
0.164975397630135,-0.206327536950555,-2.05873045724869,0,0
1.11586491807028,-0.803519633466924,-0.340204181185108,0,0
1.15548869796301,-0.18026672625174,1.55754086919806,0,0
-1.0265113735784,0.0343872068493154,0.937390434852163,0,0
-0.105109137556231,1.9371314358443,-1.62706587648364,0,0
-0.652102939006906,1.47166340419457,-1.35615700540808,0,0
0.192980024335665,-0.932417559237439,1.10515428749742,0,0
1.81722103218254,-0.485544061635866,0.367243566316078,0,0
-1.31027043519526,0.953339694944761,-0.270163611128752,0,0
-0.494870967485084,-0.945952179251737,0.384667021201551,0,0
1.11561900692232,-0.389593998254289,-1.65278678428409,0,0
0.353027559702567,-1.23089453043601,1.08477040518649,0,0
0.174949371612349,-1.00122075896106,-1.7645353895947,0,0
1.44568292064844,1.29087897677736,-0.493267596501034,0,0
1.04837231533164,-0.272614784644482,0.407868017474468,0,0
-0.163378784185189,0.815077820857912,-0.972716951587314,0,0
1.69354912277139,1.61950631439163,1.67849353905101,0,0
0.246453407756304,0.871358220069155,-1.07503610963329,0,0
0.293658823865779,0.0506143132582334,1.95613718021114,0,0
-1.46998629554683,1.42495892481653,0.546373949557702,0,0
-0.399481661514788,-1.417199956282,-0.776645031452778,0,0
1.83969427112371,-0.412572909833007,1.22835862938458,0,0
-1.03584492492527,1.22266014566082,-0.74189729072751,0,0
-1.04112679107466,0.34821513205361,1.9228562057934,0,0
-0.804900533540488,0.513959010575427,0.551372011151305,0,0
-1.42467888697395,-0.368704137025599,-0.95749621791358,0,0
-1.1929987236818,0.547301362737201,0.476506833211898,0,0
-0.796242166090005,1.77082828018593,-0.715302138608772,0,0
0.572361430431995,0.435750737995717,-0.907077376916566,0,0
1.7745671547966,1.90586940862717,1.35254236328484,0,0
-1.60772645737567,0.52181128240989,1.38857975916392,0,0
-1.73391309380455,1.73097871246183,0.783470458090125,0,0
-1.72424282412385,-0.434358178839831,-0.633140871758593,0,0
-0.292365475479853,1.10230862490972,-0.99868759098367,0,0
-0.918650994755362,0.804828659000133,0.626068845475119,0,0
-1.46510216967134,1.67062250980897,-0.145878142000024,0,0
1.39621257277719,-1.44959383571333,-2.16158782835276,0,0
-1.30231582099998,1.46406570272195,-1.67020610999418,0,0
0.209524311466884,1.59339300620205,0.171481430503927,0,0
0.0644010412856223,-0.322817505658559,-2.13960681359939,0,0
-0.696904039137361,-0.653777746990034,-0.0606712696894962,0,0
0.719564887514969,1.78198001425184,-1.47568097146746,0,0
0.968549322202432,0.214438350797068,1.14773566106065,0,0
1.74476082181375,-0.173515973896433,-1.570912212185,0,0
-0.498934017196415,1.64936874334215,1.82214371100286,0,0
-0.561010958397765,0.229122699888643,0.695563208333156,0,0
-0.150474178108991,-1.36040927777472,-2.10631219336548,0,0
0.665277400019141,1.80224777159352,-0.258795984210508,0,0
0.13426063856073,0.0898830384827259,1.60410093961603,0,0
-1.86740533088328,1.60560974697274,1.04733650680557,0,0
0.239974604935386,-0.584324906897754,-1.0674006093896,0,0
1.55230948148546,0.909870957888786,1.59666693179331,0,0
1.73642171546483,1.44718919405926,-1.93460794528245,0,0
1.545647494178,-0.509240567558533,2.10667192962132,0,0
0.761284196801633,-0.747951865591971,1.10168711438746,0,0
1.30243529028841,-1.32933217368271,1.86547191968041,0,0
-0.116401051545906,-0.937551067193894,-0.870243165590677,0,0
0.514640046987831,0.934270717435291,1.33922460751312,0,0
-0.208019125992058,-1.14544268705121,-1.80746113577757,0,0
1.81095175777074,-1.23629199285298,1.61162628734924,0,0
-0.814873676858476,-0.176975960231514,-1.52589626001117,0,0
1.84726618113023,0.0206062866320778,-0.443145414332895,0,0
0.719364977276591,-0.860481584091304,-0.659878686431312,0,0
1.57545847551535,0.379383850165139,-2.10763315999852,0,0
0.670123767866283,1.91687720361081,-2.19009294831124,0,0
-0.307047680859441,0.340524367801143,0.367764640107573,0,0
1.6643845930268,-1.85708556281851,0.194411801290297,0,0
-1.31081085931851,0.307897554531801,-2.04153942260138,0,0
-1.81339394360093,-0.712633045807058,-0.720412430966607,0,0
0.314580785853367,0.470560812090456,0.719465160218857,0,0
0.0568568850283793,-1.37729004422358,-1.52086833351632,0,0
-0.777532324924863,0.400818274672373,-1.13474541303013,0,0
-0.826840596745054,0.141593710985977,1.00460199134941,0,0
0.435674582721622,0.947646602400733,2.05859533729413,0,0
-0.392803014873207,-1.4578074436996,-1.21868354331121,0,0
-0.771381684064922,-1.61686932029465,-1.818642342423,0,0
-0.410232181682566,-0.869999241498921,1.76424208243951,0,0
1.24659527275812,0.881090151683223,0.976806111674301,0,0
-0.991997892249722,-0.394468106951925,-1.57641156012434,0,0
1.87103557595382,1.634144119777,-1.99979689218155,0,0
0.462707798978432,-0.32436229561948,1.40255126999422,0,0
1.28817925373601,-0.665799592092088,0.0125944971181377,0,0
-0.978168848989745,0.989602747007981,0.872123693640952,0,0
1.05398154820057,-0.268070247025,-0.183948788784344,0,0
-1.6545909460393,0.981439839246832,-0.534635941027315,0,0
0.0802810892743668,-1.85542689099046,0.71810217499992,0,0
1.39671899103023,-1.61034887795198,1.93053918396175,0,0
1.86983366415264,-1.81814414612456,-1.30005433677974,0,0
-0.369053533851793,1.06231469478798,-2.1049456883763,0,0
-0.0970227346736264,1.67951700777814,0.292320300526246,0,0
-0.278175714951586,-0.287903932783121,-1.1143684730788,0,0
1.6044742924532,0.818727859367574,2.06756949919066,0,0
-0.0436567265593252,-1.73052867955037,-0.189775586709135,0,0
1.70630700768673,0.972295002244782,-2.04560483517609,0,0
-1.40582237778213,0.664662887592408,2.08873535054335,0,0
0.265923053414915,1.2700986338008,-1.07362625791944,0,0
0.903117441547079,-1.31432167561625,-0.852680281440308,0,0
-1.87596572069135,-0.3442203137999,1.68291214543543,0,0
0.511809869474255,-1.29684080034502,-1.22697021319696,0,0
-0.468081313845831,1.67510449163632,0.947390992929626,0,0
-1.55194107505795,1.23267784068727,0.1806977459118,0,0
0.693773392952296,1.45490514648792,1.95745019218369,0,0
0.438791036528223,-0.0662996331515747,-0.953669346960597,0,0
-1.51262351536978,-0.807860320108359,0.54917682550749,0,0
-0.360904756764432,-1.17644438170863,-1.47618306360472,0,0
-1.50416961972636,0.508439969067865,-1.44257491657198,0,0
1.14399632910969,-1.82084196319082,1.87921294781647,0,0
-0.337666533633579,-0.029709736015144,1.76086142663853,0,0
-1.86829499706477,-1.61882706077473,-0.663204111095011,0,0
0.436595119857162,-0.864261091414027,-0.865696950579005,0,0
0.374813176037636,0.200430424069169,1.70098984837001,0,0
1.58364107427446,-0.380058949336558,-0.946362792883087,0,0
-0.379746097921234,0.650204905476868,0.406276488117527,0,0
1.78919253406458,0.894064580418754,1.45482842415279,0,0
-0.90788773301309,-1.14259520337288,-0.605028941618506,0,0
-1.34271126936126,0.586806323477041,-1.2752397541255,0,0
0.119665406736491,0.705723409114572,1.98129027729969,0,0
-0.151096714896408,1.20591576339232,1.30003394291113,0,0
0.106231282325884,-0.527969794350241,-2.06816886540091,0,0
-1.55218630431737,-0.97113572634454,-1.08867953171627,0,0
0.394639145654064,0.834521139606362,-0.94269016723102,0,0
0.721610715204224,-1.90628851513363,-2.12822185507738,0,0
0.211337219313276,-1.10797105412797,-1.45971219297983,0,0
0.480887033444203,-1.32548741831866,-0.557990414264763,0,0
-0.751403694925096,-0.697843823984502,2.09853772034999,0,0
-0.796043221122421,-1.72455161629802,0.245761521804228,0,0
0.411501043185229,-1.31723064311355,-0.608380281185326,0,0
-1.24039609761521,1.22285498202882,1.97676609096797,0,0
1.61113912775228,0.216565678343673,1.78575705916458,0,0
1.89078436641398,1.56583809117036,-1.00731177110125,0,0
0.965615094696128,-1.75200950361764,0.152514968880705,0,0
-0.00476893908079425,1.79115312397584,-1.13252970501011,0,0
1.66979911306496,0.298045802775446,-0.0542661655170482,0,0
0.468767311190757,-0.951327476912993,-0.75874276937542,0,0
-0.388292347840509,-0.953533676139419,-1.27413816220887,0,0
-1.13121353424992,-0.155254720409727,1.27876708214973,0,0
0.86067869733985,-0.991095148624484,-1.16448953969134,0,0
1.67498049629573,1.11784927893543,0.927023344888284,0,0
0.75632992407757,-1.32256493574865,0.0405362321442788,0,0
1.50157493882194,1.24656447296767,-0.152607454770427,0,0
-1.00840685550002,0.539402601935581,1.11162658921612,0,0
0.200735040898609,0.950076584007476,0.150669235582466,0,0
-1.09081588701948,1.37124097846226,-1.37455543968702,0,0
0.164528959001821,1.78508619926604,0.901998376749643,0,0
1.80850476708132,-0.440299871539429,-1.01823773619695,0,0
1.17695820051065,-0.912002346741517,-0.269783662206167,0,0
-1.10204519389961,-1.30801019140546,1.69921070726209,0,0
-0.354278485361966,-1.5494154948423,-0.10892446600765,0,0
1.27543429990705,1.60564019739676,0.179099185112786,0,0
-0.200312527943539,1.40486940057512,1.47477971384497,0,0
-0.375553767455502,-1.57564051175852,0.881971462106199,0,0
-1.76065079727807,0.342843241898532,-0.263087035619626,0,0
-1.36137002201982,-0.0277249690389382,-0.393648498039011,0,0
0.697529977156301,0.00071384853382771,-0.472555807656953,0,0
-1.64046282203636,-0.298748905535122,-1.72047204293977,0,0
1.91599311725637,-0.637410764049051,-0.302228069132931,0,0
0.500311590329848,0.3522278304879,0.956890788020916,0,0
-1.78081743221176,-0.043306378115793,-0.893294853554184,0,0
-1.61667436621406,-0.623346862988069,-1.86701379472036,0,0
-1.16179624781683,1.2748414435763,-1.6253284128162,0,0
1.1653862180704,-1.34135032024928,1.09297025407299,0,0
1.29711169964472,1.65569248453969,1.28387452994202,0,0
0.878208356809107,-0.11053972286517,0.781299903751886,0,0
-0.810762081110707,0.926461635627599,-2.14667850576896,0,0
0.567139718364524,-0.429714747818817,0.991591479024807,0,0
1.76859892266428,-1.07435444470319,0.925013867869756,0,0
0.164754363901595,-0.102152691516927,-0.237963143412127,0,0
-0.237106366769755,1.27204564360145,-0.16163865273674,0,0
0.876044281676312,-0.495748017245012,0.932614311120869,0,0
-1.21585593140501,-0.172113074864804,0.929398029703646,0,0
-0.659784412562097,-0.961661485218454,1.19574157150188,0,0
-0.402465395900477,-0.0640273720965332,0.595357660675012,0,0
-1.67086854567564,-0.158604046271071,-0.657610901603625,0,0
-0.821051784543171,0.0843300167944086,1.89834310153264,0,0
0.843087200320977,-0.682264501377963,-1.33528824412446,0,0
0.409494269998118,-0.283264583470981,1.89264478078927,0,0
0.114593044200264,1.93547913199299,0.154281343861941,0,0
0.148248042021988,0.902458880201193,-1.0201922017475,0,0
-1.45434334994587,0.465286773470228,-1.8568250559788,0,0
1.0729691084003,-0.653625472061995,-0.717668867751336,0,0
-1.63874466924484,1.04970038517261,-0.442251074829378,0,0
0.804411316349062,0.231199163905273,-0.566756431911086,0,0
-1.69079134257966,-0.560530859628216,0.616738837540511,0,0
1.09359611994125,0.454104721266353,1.30226529401702,0,0
1.10433187058029,0.207766727395141,-2.18192954124496,0,0
0.223581818383816,1.60055964765146,1.41849418925528,0,0
1.37426245570167,-1.0856208789851,-0.0135879540945939,0,0
-1.07988901187743,-0.600866702660386,1.66101317260876,0,0
-1.00312234681113,-0.19337948514103,0.727954454277991,0,0
0.683175622017214,0.607240693729921,1.68446059126593,0,0
-0.186405655519249,-1.07500376393607,-0.922531986517162,0,0
0.632417691462227,-0.794033494807219,0.899290234955276,0,0
-1.58214073109386,0.815392579547762,1.48752279651697,0,0
-0.572593567672454,-0.188071526553008,0.711544052435251,0,0
1.19301233641565,-0.879120841772093,-0.570546253663314,0,0
-0.55081065586675,0.766147294784393,-0.213624948550616,0,0
-1.68004069223316,1.84489587715755,0.414155840513479,0,0
1.40535370137611,-1.80690296114412,0.0379448886158168,0,0
0.240103102846316,-0.825888599615082,-0.63891899825596,0,0
1.5828723246431,1.33421426001707,2.03303464230842,0,0
1.01745010451368,0.195950941079689,-0.381334183512945,0,0
0.196828445642916,-0.302236092618987,1.66222680396474,0,0
-0.0605152270457471,-1.25216672024413,1.1606822273495,0,0
-0.556683255344789,-0.539913941925206,1.40113709373091,0,0
0.283038253942972,1.03730926219417,-1.92934528240497,0,0
1.73810748917738,-1.58742423832173,0.337289514767375,0,0
-0.88398267247874,0.775431984598252,-1.71191661323803,0,0
-1.47190203395669,0.194534572591241,1.80891528774894,0,0
-0.912969426795526,1.67949527181168,1.37197888075864,0,0
-1.19006924637049,1.28054147703251,0.971129245636277,0,0
0.14299791468479,-1.16817437881086,0.108171987261192,0,0
1.1735945240276,1.53739827004825,1.08657973918116,0,0
-0.0543794974056666,-0.913114753818728,2.0962634325013,0,0
-1.20339023573049,-1.75090449178677,-1.88124434424106,0,0
-0.367642119323013,1.08412153280714,-1.16463761603056,0,0
1.21877031748477,-0.332768214678676,0.190167692298659,0,0
1.70230859923817,-1.04399512015561,0.0344084893085888,0,0
-1.21880057586577,-0.450592293672433,-1.96723726719059,0,0
-0.528121135163182,-0.343246988626138,0.769605406896612,0,0
0.803478599975682,0.747399410185764,1.30176899527782,0,0
1.77032965851335,-1.37383243356349,0.554437726981396,0,0
-0.250996371751077,1.58015528261162,1.82108452234647,0,0
-1.36118284627138,0.292026916148064,-2.01859063704928,0,0
1.21692275818797,-0.985196438855564,-1.63195590228796,0,0
1.19069281549092,-0.865195476136326,1.88583626762081,0,0
1.57585495296711,0.930060032400387,1.88068824478371,0,0
0.798008591035911,-0.503054288900736,2.08579514484073,0,0
-0.133106713357109,-1.39054795466521,0.611154471509814,0,0
-1.56767787774626,-0.0633127947868355,1.01544629311895,0,0
0.901243300109495,-1.10620207763004,0.191709463017007,0,0
1.66931117044917,-0.25764120442139,-2.06135327726143,0,0
-1.74140664861846,1.73107536521137,-1.49073824182826,0,0
-1.47101201266182,-0.607698908554278,-0.515041449948373,0,0
-0.370473502982298,-0.453488636519007,1.44264467316031,0,0
-1.29892566775892,1.07436373516492,-0.930461182584984,0,0
-1.44791422226255,-1.81684120699372,-1.7675117870792,0,0
0.331730247295663,-0.087180643987377,0.885392682828966,0,0
-1.33945324043838,0.652935358880087,-1.07070912255441,0,0
0.00237679767069926,0.426615036029641,-1.95309722546904,0,0
-0.507796803319788,1.25098830823376,-1.11535393484812,0,0
-0.330013842859474,-1.57197905924356,-2.1092234978773,0,0
-0.808662205341482,1.23498179839215,-1.83650185402091,0,0
-0.260459386279665,1.94495184772407,1.91768339676869,0,0
-0.115211016117786,-1.81367802767537,0.0958172687691778,0,0
1.27598496475643,0.258018196274714,-0.369193965508505,0,0
-0.512323508902367,1.39256263412982,-1.85128825290604,0,0
-0.209166949862637,-0.626618614485197,0.429493858357553,0,0
-1.85052342745071,-0.162151980021304,-1.35418387302888,0,0
1.80420732836726,-1.38799006157152,-1.1612261629992,0,0
-0.594464373140256,0.789439787250959,-2.17091565477892,0,0
-1.76994840778528,-1.1911111166846,-0.0842131896728813,0,0
-0.522028205098815,-0.93095543619749,-1.88283123321066,0,0
0.557295710567531,1.22613446359284,-1.3300096901474,0,0
-0.7879271206654,1.35827170067181,1.40609328757146,0,0
1.85980409322934,-0.56000765644128,-1.32602961453883,0,0
-1.56510321626785,0.0454156895464982,1.78013500112206,0,0
-1.39117147817123,1.81169876777987,0.422212128935092,0,0
-0.875721596318417,-0.325292595895953,-1.82522165244557,0,0
-1.06821387829754,-1.52547387837882,-0.932831326218494,0,0
1.72150008219185,-1.79184389767567,-2.00281196360976,0,0
-0.564128828230056,-0.198986954855111,-1.73222921843007,0,0
-0.336113913271016,0.0911722381107436,-0.0136099665777331,0,0
0.162595147888847,-1.73795667353054,1.73182250320469,0,0
-0.829023435325196,1.13594291322465,-1.0527636433269,0,0
-0.335167658310558,-0.482368134503915,-0.262442807324854,0,0
-0.221679896870929,1.93956070401869,0.777046897647611,0,0
-0.653205216265068,1.619438747239,1.59095308944019,0,0
-1.86506807997086,1.70352924035961,0.204894799707587,0,0
1.82254458474675,-0.352566781683698,1.51518499375941,0,0
-1.44867354234948,1.52956267720387,-0.359054572386775,0,0
0.208354367840415,1.2382873466942,0.945457274486089,0,0
1.43964058405728,0.0444193575478893,2.10510790549222,0,0
1.40273598262125,1.30770725394631,-0.782307258607441,0,0
0.444062501663411,-1.46848651606044,-2.11957091579773,0,0
-1.87251377063687,0.763306773001549,1.34747422009971,0,0
-0.645705504086169,0.129909243663648,-0.841003912869608,0,0
0.0496052129066145,-1.34943633879672,-2.00362902608693,0,0
1.56493739401659,0.636228110674224,1.97339258606058,0,0
1.87330481689696,0.0258446335637625,-0.738437415294756,0,0
-0.681225898346301,1.38541472803433,1.81219369710949,0,0
-1.82931290174399,0.649148185352701,0.146547655492148,0,0
-0.31473122133393,-0.401582548326095,1.67251293617619,0,0
1.06607506556585,1.42225062065963,-0.861042293845383,0,0
1.74400157345795,0.384519455539721,0.596092209493266,0,0
0.884590860141885,0.446105289868547,-0.51769424317856,0,0
0.0861366158573055,-1.70687108214805,-2.1642868685497,0,0
0.913455775145087,0.965913612611397,-0.45836593542344,0,0
1.35637561061544,0.223770983812312,-2.12610255758307,0,0
1.23458989170098,-0.36035277820723,-1.85773715124016,0,0
0.866517546877272,0.0795515490861158,-2.01735273679144,0,0
-0.199001273986081,0.569412088269872,-2.14769239598454,0,0
-0.21558982099718,1.80636763814983,1.18887620447779,0,0
1.30133756220096,-1.54684832256646,-0.357786639185742,0,0
-0.413370327514971,-0.103570402024541,-0.744597602374392,0,0
0.686998139529944,-1.7545508244624,0.915170454322994,0,0
-1.58215346469823,1.41183560950047,1.57391392118668,0,0
1.27487076950344,-1.72482718364907,1.51156751421135,0,0
-1.81634616765136,0.619914866888242,-1.76661908851545,0,0
-1.44950787283289,-0.816049806417699,1.92933130146259,0,0
-0.0105277933508167,1.66946499592575,-1.14233897567201,0,0
0.719600229709614,0.808366504342515,0.984388885213149,0,0
0.428042419449381,0.4699089100865,0.587462099316998,0,0
1.53458441224221,1.24881134331201,0.363596370674999,0,0
-0.708588885643936,-1.21960139900463,-2.04127152324116,0,0
0.18512780854593,1.47263044532481,1.1956583117772,0,0
0.920917994966507,-0.748535716002659,1.44131259045105,0,0
-1.28421239925668,1.10839984828606,-0.0160362483701292,0,0
0.717563414461535,-0.8703995390855,1.66204962903607,0,0
1.47190222322751,-0.360997700069346,0.579665374969965,0,0
-0.483470672182077,1.75635495927485,0.0349971868250169,0,0
-1.75256563419282,1.97730300788451,-1.23501685439097,0,0
0.0988436797080667,-1.01576891728361,0.824261813372225,0,0
-1.4494273657063,-1.37237555634965,-1.32809712879274,0,0
1.55407966857182,-1.66862098140234,-0.490453462752901,0,0
-1.04147517147374,0.943161615399266,0.483106639290857,0,0
0.493252311732233,-0.809978076531184,-0.90900630515223,0,0
-0.496936615106142,0.890827683102626,-0.0451523141942924,0,0
1.12129769678116,-1.85916195111278,1.48968531925985,0,0
1.7490238446389,-1.24971198381205,1.10765539047417,0,0
0.733103551638258,0.823075953115477,1.54922006553815,0,0
-1.83632898934415,0.972324624284435,0.0113392865148557,0,0
1.76479889950336,1.78283051410919,1.9983321291629,0,0
0.0163963526195613,0.900840133215279,0.9546999724801,0,0
0.178767977564434,1.52721165485943,-0.96718225308813,0,0
-1.6505611370661,-0.788025523147419,-0.220893480606203,0,0
-1.26529086712162,1.87123133559129,-1.11839949779183,0,0
1.00488742303463,-1.54337192637498,-1.79350330619398,0,0
-0.651129965527953,-0.65776441974059,-0.262794237706396,0,0
0.474126617739441,-1.38154466829799,-0.372871672911106,0,0
0.380865499196461,1.00382563765443,1.91017588172818,0,0
-1.69509326758899,-0.0924664962080074,1.79466311851785,0,0
-0.380274832526603,-1.53756027724852,1.4634941055705,0,0
-0.692974682973433,1.35783965352097,1.18492526187691,0,0
-0.232439088535611,-0.573445935718647,0.301673225941,0,0
-0.510814458561015,-1.23093169004355,1.21341572371832,0,0
0.962817543335428,-0.15409992249595,1.4222108155784,0,0
1.74452408782289,-0.207445504603443,1.57554620172877,0,0
-1.04514392577665,-1.26529356622925,1.74982644685857,0,0
1.26635216617953,1.14959814436058,-0.770088550840174,0,0
-1.77363230886955,0.666583224876157,0.401008942912794,0,0
1.72637509821351,1.22626781705418,-1.15169473552929,0,0
1.84272056155349,-0.136433965356348,0.37076385282983,0,0
1.2162580248977,0.503424574307496,-0.93311213747673,0,0
0.663719836407424,-0.42961506708721,0.31645137862297,0,0
-0.745820145343872,1.54483109657467,-0.709294279532141,0,0
1.36692683601566,0.507390379617939,0.807182552941438,0,0
1.34057079530112,1.81702172395666,-0.860469187787466,0,0
-0.442406321269142,0.424646637855537,-1.73882746961484,0,0
1.42191046972438,0.179198233913222,-0.0704009947587263,0,0
0.165456092744841,0.305220823861866,0.92997030263792,0,0
0.318522095434903,1.71806978356728,-1.36209401658141,0,0
-1.81860360306701,-1.37489373352193,1.33154444354128,0,0
1.58784407142526,-0.208501849765082,-0.855503047078241,0,0
0.555436551195371,0.193621428446946,0.265663927485787,0,0
0.229185093140903,0.17973069803596,0.177517818244612,0,0
0.70846478257355,-1.4867263401194,-1.22969602166669,0,0
1.69700176711239,0.0319083907069055,0.935149326177876,0,0
-1.18481350452243,0.684936513873111,1.82035579729531,0,0
-0.186472118398556,-0.247888224728328,-0.261389856466626,0,0
-0.743624842372499,-1.8757092508874,0.237837482397206,0,0
-0.159063140818166,0.228211757166679,-0.734267759009944,0,0
1.58478171971837,1.97782823550417,-1.27129916533826,0,0
1.06598830897504,-1.82065688862098,0.846377696974919,0,0
0.710598277219101,0.440104684260925,1.99385001304442,0,0
0.51725251165863,-1.28048565928629,1.2335308897422,0,0
-0.356383155604664,-1.67614806766928,-0.559070930076585,0,0
-1.67069454631634,-0.486231431810557,-0.431947327569912,0,0
0.571217393256755,0.0229081350587044,0.0134475347448065,0,0
-1.04207850911359,-1.90136654169392,0.612665354903004,0,0
-1.5394830838384,-1.89972570841161,-2.14601902412418,0,0
-1.38082449432999,-0.184075484300859,-1.60644068087112,0,0
1.46661163687488,0.491138002011929,-1.99497479379244,0,0
0.60189431548213,1.88078923806451,0.469326406765418,0,0
-1.77107477696269,-1.88238452173503,-1.38345579168779,0,0
-1.27872380398348,-0.607921699245381,0.27489455581613,0,0
-0.0772729355497676,-0.334131485371385,-0.825188055593313,0,0
0.977137835927851,-0.159489388449295,-2.19442051442624,0,0
1.31787763402119,1.2414480955985,-2.00540883328885,0,0
1.45146252469828,-0.548079150551303,0.0221597374628168,0,0
-1.83603576752925,1.4105807841744,-0.398330572942595,0,0
-1.72002764330736,-1.14237693777699,0.850404586438756,0,0
-1.07423371610904,1.12080432303235,-1.26634969317571,0,0
0.883895112435291,1.01959355911363,-0.905504042656059,0,0
1.14228989505985,-1.80312281702372,0.462916567049345,0,0
0.532110555725447,1.18392871984227,1.35871648266181,0,0
-1.30852273183386,-1.44599697345872,0.495724051891843,0,0
-0.0299129689591593,-1.72238102026533,-0.333621928403811,0,0
0.970463647243318,0.0318296002233498,-0.083097461986444,0,0
-0.867915426602318,-0.110943960751397,-1.3985320204199,0,0
1.00749056974276,0.66369280205839,-0.858492179308105,0,0
-1.13262516397209,-1.44186000003538,1.89317009915845,0,0
0.253032944112035,-1.02045855627796,-0.808869287228327,0,0
-0.156517386986144,1.62433811801056,0.755240944138632,0,0
1.49237869237505,1.23302673921345,0.173669381233188,0,0
0.361309661054833,-0.0189862228401292,0.84120677285449,0,0
-1.61835992384764,-1.7286476677161,-1.06192327089649,0,0
-1.38161930184497,-0.115137041706189,-0.299003725751315,0,0
-1.31988549581433,0.951045756311593,-0.564233211171903,0,0
1.39407214146546,1.0983827544769,1.51660536834115,0,0
1.7324282219272,-0.899155336841435,1.16402675514355,0,0
1.53147938405377,1.11444043073792,0.175469235029893,0,0
-1.44586222481033,0.158377286417918,0.616467618845633,0,0
1.13950158196056,1.24908985562423,-1.91163728795704,0,0
-1.86171308472597,1.66633471113023,0.64463599488408,0,0
0.777234002873931,-1.55907589437151,1.84175980964458,0,0
0.0501073724557536,0.228595139472923,1.54348755331948,0,0
-0.853307152995512,-1.81427610567879,1.27068498309199,0,0
0.535749898492904,-1.0748519232712,-1.27034238205353,0,0
1.9164434072266,-0.483245299579628,2.01656390125805,0,0
0.0429106295556484,1.27346333586271,0.966195056180459,0,0
1.67140873665304,0.499678382086009,-0.702521537028391,0,0
-1.15087418663078,-0.917570848634609,-1.5718716527596,0,0
-0.0343451408792535,0.952408724114863,-1.59558562745369,0,0
0.533756258302024,1.67197026745347,1.4799979427866,0,0
-1.10867731271773,0.818102016803103,0.286375168675079,0,0
-0.244148181050534,1.51012753008402,0.282350278505526,0,0
0.672822604790716,0.705212774926998,-0.0862889116625126,0,0
1.24676732652114,0.689299894414461,-1.54028679255431,0,0
-0.513856541352346,0.387708263683648,0.986259635503608,0,0
0.473455342746996,0.479916299573511,1.59031783418063,0,0
-0.558059172704256,1.35460977010243,-0.222035205192134,0,0
0.997177235772776,-0.396442190689215,0.0458538933298247,0,0
0.272461123862654,1.17622317786956,0.617647631688625,0,0
0.508890490312376,-1.79087338244007,0.952898748027972,0,0
-0.386350689695869,0.539553817662905,1.98826838326307,0,0
0.626014679224546,1.60676406591979,-1.79877234656715,0,0
0.720053585521579,-0.759460429873138,-0.231548197650298,0,0
1.07461249698368,0.151739585720737,0.97897176748847,0,0
1.04163951788402,0.905350811992245,-0.620123980925997,0,0
-1.83594189981506,-1.06448297502688,1.19566323864569,0,0
-1.00023914936381,-0.782818191364339,-2.02740378843796,0,0
0.775615721958061,-0.707734173160908,0.429132991306992,0,0
1.5600264743492,-0.135753837158643,0.520653247254336,0,0
-1.53980717837849,-1.29407213451977,-1.44188422973956,0,0
0.64243940649817,1.85659636933825,-0.503510827400207,0,0
0.562783036819595,0.0759629241469762,1.40844438172657,0,0
1.67388742630404,0.910595858071953,0.26920350440555,0,0
1.56670037256692,-1.10228999049129,-2.13080739508477,0,0
-1.77064910759672,1.51937526373717,1.21114841062285,0,0
-0.634522261876634,-1.91716209998972,1.0996973306707,0,0
1.41702308672414,0.23418502882715,-0.842452391961322,0,0
-1.08131187504918,-0.232173502332111,1.30888180913468,0,0
-0.014967304871232,-0.822199785783441,0.876418594830405,0,0
-0.107128966695024,-1.79079705065241,1.90911725692339,0,0
0.145563884298198,1.38539972679629,-1.75890669895666,0,0
1.71070648437953,-0.318875344882955,1.36195373794144,0,0
0.161518784166472,0.7320112600798,-1.9210220482106,0,0
0.176691716392478,-1.20889783182896,-2.1604497804437,0,0
0.551602960521154,-0.911398504715599,0.358198612192791,0,0
0.248508502930762,0.927876916633486,-0.608349449536718,0,0
-1.64563601374891,0.388446207271322,-1.27936110543581,0,0
-0.76605698114589,0.0400308663773415,-2.1274251833773,0,0
-0.0386723763515139,1.43276622851725,-1.96299973714253,0,0
-0.741415435820684,1.68884584007832,1.60680204288222,0,0
0.15199868848225,0.649752164226258,1.49601652850327,0,0
-0.187937032839763,-0.149786190277552,0.883795146478466,0,0
1.13678715724114,0.849864861670593,1.11727909322061,0,0
-1.6652018588263,-1.77375507951099,0.0362887451045278,0,0
-0.489750700950333,1.43551533607812,-0.937205332649724,0,0
1.51236552746898,0.0289131006320629,-1.7567962024064,0,0
0.0967894346803648,-1.57313623009537,1.59996479049111,0,0
-0.47601253926407,1.40542970406895,-0.735661660910765,0,0
-0.289939259366188,0.771475835257123,-0.634038260312431,0,0
-1.7918114016442,-0.215751085150054,-0.537689482926744,0,0
0.367782934379563,0.392229637559658,1.17793381075073,0,0
-0.00287916025632955,0.833084856137361,1.59724228313463,0,0
-1.48672930448211,-1.88938217094897,-0.687251114564825,0,0
-0.338518617129493,-0.0458094354487424,1.25389395712196,0,0
-1.67857111703948,-0.144301818662838,0.899524160484881,0,0
-1.73905211670209,0.515495929972546,-1.57245155945498,0,0
-0.999163305470754,-0.750952697083822,-1.8934134806454,0,0
1.84853634377562,0.746875072075752,0.298003849774832,0,0
-1.70205690999004,1.71159499268423,-0.660854838069222,0,0
-1.37626245098061,-0.436242578109288,-0.806558230586233,0,0
1.65318029463039,-0.065823843109508,1.90638258879616,0,0
-1.54365636038998,-1.16635414283713,1.49536388191418,0,0
1.70698105274069,0.369463220255785,-1.66091834638856,0,0
0.68585225594222,-1.70211303849352,-0.503378623939157,0,0
-1.86357312169754,1.52549183950687,2.01850076593279,0,0
1.35198483818562,-0.938127565237168,0.405041888972934,0,0
0.0829100538767757,-0.401408294755125,1.93727406337482,0,0
-0.271731469710702,0.864937229466377,-0.0730932737979415,0,0
1.39139091409126,1.57661703402486,1.91096913691272,0,0
0.36557784497924,1.87271242297687,-2.13225566260559,0,0
-1.6352148563744,-0.865394092236074,-1.63405586584732,0,0
-1.36395138991634,0.238620849209349,1.21870548082947,0,0
-0.314463883831019,-1.7030868161768,-0.731182239537285,0,0
1.27983265812552,-1.67908729400392,-0.297135230867269,0,0
-0.405679481977373,1.00974379985888,0.822745753072216,0,0
0.490661213197649,0.938831808145028,-0.161138674283766,0,0
0.4240133251308,-1.71086035682835,0.148921639795285,0,0
0.176613619786166,-1.44418851915427,1.51146475959587,0,0
0.344509104268774,-1.13929671275966,0.26654451994304,0,0
1.06122106056702,-0.209191035451767,1.32489969940063,0,0
0.777536939386652,1.97504499175623,0.197503864275994,0,0
1.83982422491096,-0.818635298942954,1.5920372880027,0,0
-0.996002987633856,0.811683980284664,2.03756541264521,0,0
1.38262124206241,1.59580691824686,-0.913034849728044,0,0
0.726132605945231,0.34074056608538,-0.414550625772709,0,0
-0.736359688340106,1.12509286160065,1.11274065065527,0,0
-1.26493123998943,-0.4681824290099,0.306915511201297,0,0
1.04003424775578,0.550341914712049,-0.00682557755209226,0,0
1.87633569989036,-1.07555187156843,1.7894463310927,0,0
1.38563118930638,1.3363459885837,-1.23474075235653,0,0
0.693290541475768,1.35082267868363,-1.28134714465153,0,0
-0.0307233846372272,-0.886841065671683,0.312850255832896,0,0
-0.12635034381956,0.21553391922862,1.86857896370717,0,0
-0.69178717584634,-1.62668744858643,-1.77230083890533,0,0
-1.79985359423882,-1.40527149965717,-1.93754164492716,0,0
-0.308377624761973,0.223274647465924,0.610261732454024,0,0
1.84928621837787,1.86369212462365,1.56080300683389,0,0
-1.36313229831352,-0.822678248916031,1.00511614910114,0,0
0.900984528720714,-0.616346889188916,0.366205112619083,0,0
0.119854186251362,0.185364605801324,1.89485442310228,0,0
1.77930018125543,-0.197249679568611,-0.655197077186143,0,0
0.86125478954734,1.47988630048617,-1.16973900823885,0,0
1.58538662393074,0.240170361326088,-2.09655167410277,0,0
-0.722443971732852,0.159550509497633,-1.51527770437994,0,0
0.512998000042302,1.53363421921005,-1.66366896230423,0,0
-1.08610620860148,0.254661376636731,1.35934222330519,0,0
1.35672948420234,-1.66930611001273,-0.362136529572555,0,0
-1.68178933784054,-0.914447212809653,0.331702799186282,0,0
1.02497832317597,0.230254941662459,2.09596214543269,0,0
0.842463983416156,1.19220686973606,-1.6983939616897,0,0
1.04202279769297,-1.36018235337264,-0.0612550362882249,0,0
0.52083506727954,-0.0232470360770349,-1.794754404831,0,0
1.22750521585462,0.843386351268744,-2.12048538389241,0,0
-0.294674242933699,1.77057610374543,1.55524731726318,0,0
1.68848119605298,1.31194093120898,2.07136459098139,0,0
-0.772143788382479,-0.425192785497965,-0.696626554563967,0,0
-1.44447616767967,-0.662094374790277,0.495755576966569,0,0
0.411322789549874,1.62687278714781,-1.68363420555205,0,0
-1.78165076642945,-1.70721638796758,-0.333352740384545,0,0
-1.556614681572,-1.47973832589147,1.95973443904866,0,0
-0.609250194583498,1.61539998754059,0.627821231470174,0,0
-1.61033687372413,-1.15165336473049,0.798969304227888,0,0
0.803630003142682,1.34582558410169,1.38243119532326,0,0
-1.59591846268374,0.532588541126129,1.89694811748215,0,0
-0.641948323008296,0.33978327398085,-1.65883460798808,0,0
-0.51290290162752,-1.64545675531426,-1.81466583517511,0,0
-0.401115619668168,-0.818010859522929,-1.05054380916839,0,0
1.10929203765519,1.55649354876137,1.70356907971817,0,0
0.420498117958734,-1.29254849572973,-1.36717599488298,0,0
1.022368479791,-0.234982774500731,1.02098999401007,0,0
-0.981042343251644,1.03191240373144,0.990870620563967,0,0
-0.790395210049043,-0.471433792033648,0.213586512443017,0,0
-0.670311383983849,-1.2253055652595,-2.02844070849908,0,0
1.62832927580138,0.724174411886421,-0.673588626806637,0,0
-0.164902757258806,-0.582139257624921,0.390966939211753,0,0
-1.39909383726727,-0.614726107734789,2.0435317552372,0,0
-1.33048571889146,1.77828544917014,1.17773940949759,0,0
-0.694980887624902,0.863322874377315,0.279247078185292,0,0
1.83136811357256,0.0808704793195793,-1.6034550694238,0,0
-0.996625893703769,0.696926295573656,0.271162295517858,0,0
-1.73283150610748,-0.518232522029032,-1.94372719824283,0,0
0.264207855768937,0.907998186106944,0.914532154062311,0,0
1.23488178073373,-1.32396271394168,-1.67566635173734,0,0
-1.72616205167769,1.02087969426688,-1.8587692669212,0,0
-1.7635770210069,-1.59658795391156,-0.935633117994015,0,0
1.4763840587728,-1.28293216296449,-1.4909131390799,0,0
-1.51215198678535,1.9141053337262,-1.33721582397532,0,0
1.4928614384688,1.73630174983489,-1.92438515982462,0,0
1.46878205091442,-1.6703552451285,0.874298254666166,0,0
1.30111253632495,0.154893599896625,0.0150237986041279,0,0
0.241336478933137,-1.71139887235363,-1.16316537621204,0,0
-0.100662490116488,-0.44637400903205,1.31901631992916,0,0
1.02816582268423,-1.27445433229632,1.91638881575868,0,0
1.45453469560019,0.260248047334519,-1.24393974122215,0,0
0.791734899403261,0.985540729597387,0.729670705180007,0,0
0.734097668975472,-1.69616941624223,-1.24957414123728,0,0
0.54419590725403,-0.231841432416093,0.673157036311171,0,0
1.28326048792253,-0.349491633713726,0.776586660103493,0,0
-0.489474799104432,1.40652454538339,-1.78872026439832,0,0
0.29197332025194,-0.75118898916286,-1.51585031744731,0,0
0.518643439421745,1.69952341988759,-1.81961993557739,0,0
0.460831720800271,1.96464572628627,0.505474097889403,0,0
-1.73809503299734,0.432442516603146,0.973846737041786,0,0
-1.81238923219535,1.82448895489151,0.775663338425118,0,0
-1.61945310364995,0.55841829736116,0.135935237441291,0,0
-0.755070980953718,0.630761461740908,-0.273473777380938,0,0
-1.39621787669421,1.88262572697602,-0.898389100942703,0,0
1.33473017019678,-0.573691922996656,-0.942002483895378,0,0
0.338891870279078,1.0295575733734,-1.1904035813442,0,0
0.177012045490902,1.11293630733333,2.08962228607806,0,0
0.268592876424614,-0.80618433796646,-0.0894656971476979,0,0
-1.45413137470812,-0.176917466077262,0.495803683530089,0,0
0.0360295514592171,0.268971486668895,1.89511498935476,0,0
-1.23558741429414,0.55995004574221,-1.01665065286557,0,0
-0.621323358018546,0.859996902933818,-0.334340764287447,0,0
-0.778262183884446,-1.50898251644458,-0.0307085083038226,0,0
1.43798352405139,-0.487786008202208,0.278399931137579,0,0
1.86098590437317,1.96408825553854,-0.546959831919925,0,0
-0.167553571518397,-0.234667652708482,0.498119019168101,0,0
-0.24743698262925,1.7127744031018,0.101026956928092,0,0
-0.741987944128257,-1.64004368952964,2.14641507768722,0,0
-0.890941839211358,0.335357829386539,-0.991273296708736,0,0
1.13936706749019,0.839767774030985,0.833373752458575,0,0
-1.8089381358299,-0.0316593960983781,-1.8886478848435,0,0
-1.74661888154961,-1.46023107831291,-0.30729040576008,0,0
-1.76937856149973,-1.17866463518744,0.583816962695956,0,0
0.283864416818544,-1.77336576896508,1.87928043184388,0,0
1.50390484570619,-0.00110199554305539,1.87367154586071,0,0
0.232258426795618,-0.59895891156806,1.423991382006,0,0
-1.12761747635028,-0.192344307571988,2.12585942917135,0,0
1.13586774832119,0.953547448817436,-0.469757933485928,0,0
1.72572235376362,0.10156044081768,1.64629763984836,0,0
-1.60717407363582,-0.436533354706793,1.24972183588445,0,0
-0.466891773451082,0.751104910306026,-0.0856796107858025,0,0
0.669310738872512,0.341725682051604,1.4351011738596,0,0
-1.84010702558462,0.815203530010206,1.23985084017498,0,0
1.87152279328817,1.89790623729177,-1.35905454768913,0,0
-0.836322450879968,-0.59273994000962,-1.04444651128236,0,0
-1.34747378794238,0.588889272247062,0.00324159903550759,0,0
1.83561022544423,-1.50684089835533,-1.50742143750608,0,0
-0.713119829562318,0.459266176247375,0.545643421598635,0,0
0.28766447628782,-1.22985424023922,0.347310901948222,0,0
0.168932434041075,-0.601421753029565,-1.51111905281824,0,0
1.77876715163781,0.0424791198806685,0.151638189760954,0,0
-0.158287343824431,0.321503456655933,-0.692354928196879,0,0
-0.437863578022252,1.74934355322404,0.16602304633293,0,0
-1.63310299796377,-1.284614636246,0.610591547174381,0,0
0.674105216772645,0.300463423391236,1.93852339453445,0,0
-1.62920814093229,-0.841983936345991,-0.963597755315789,0,0
-1.1099485336187,0.375410251837889,0.239003452602069,0,0
1.61568850922842,1.29630225230808,1.15865236360309,0,0
1.76137000082392,-0.0217775168784281,-1.10055273106228,0,0
-0.967801660879518,-0.720982687643733,1.68619867142462,0,0
-0.330345134423194,-1.70423815002071,0.418089774434582,0,0
1.15000430206054,0.121087943671247,0.30768185639092,0,0
1.47132829889424,-0.0402760285884932,1.0978660975706,0,0
1.75860824152719,-0.527224135292755,-0.430239404867427,0,0
0.507392629142121,-0.836380281031731,-0.892260288104958,0,0
-1.04919955352969,0.217702396859877,-1.87136064415526,0,0
0.12097134462002,1.64552994723656,1.60897161933778,0,0
-0.966002758315351,-0.925435600973629,0.0439957340379999,0,0
1.69961852148203,-1.85928766026507,-0.0247121783221774,0,0
-1.79013786118923,1.31309584316246,-2.00594791287651,0,0
0.535987696938346,-1.73451834287797,1.2014399560202,0,0
1.81610249232541,0.404014635893583,-1.56143665360193,0,0
-1.46992765844552,1.91657213829529,0.702343615979345,0,0
-1.02325301610922,0.302878296106461,-0.0131396090614864,0,0
-1.32197863948393,0.922067235376056,1.96493429574121,0,0
-0.536523327714765,-1.33344732446943,-1.00291116950069,0,0
-0.609894861753639,-0.681422654852902,1.37226236145436,0,0
-1.54992894948855,0.813248980817036,-1.11234886798974,0,0
1.81562217712003,1.42120109689657,0.112604209092761,0,0
1.05414249160819,-0.446156919413532,-1.01324765052216,0,0
-1.76361287860301,-0.84915138519646,-0.478009474505742,0,0
1.72151792553245,1.94469566894633,0.360233727756294,0,0
-0.0850027364057205,-1.40323673767733,-0.540904493906334,0,0
0.365691758445468,1.90358787933779,-1.19865829187815,0,0
1.87674878442764,0.587991224221838,1.73312210927638,0,0
-0.568257211719534,0.424652024178557,1.01797000988558,0,0
0.639299922570195,-1.29320227437096,0.371530441983971,0,0
-1.6974652549665,-1.36482145818367,-1.82654308170013,0,0
1.47272957896525,1.05908946510145,1.39894779259224,0,0
1.66664298308641,1.13560976951083,1.03926201012762,0,0
1.75387128402518,-1.0776991150079,-1.77877944827096,0,0
0.994909563173286,0.87205354291623,-0.169615070617093,0,0
1.27326584297619,-0.779986232594344,2.14019032301908,0,0
-0.0385503678941496,-0.866231456544843,-1.75218578423455,0,0
0.881000701906501,1.61053742787126,1.59512561559806,0,0
1.49089061497704,1.73352465237052,-1.52610119830441,0,0
-1.64068308177712,-0.153376546795467,1.78691970396098,0,0
1.55620774441738,-0.638589350643846,1.74378329593555,0,0
-1.77067914434427,-0.365766566547379,0.157091742219741,0,0
-0.65355248881665,-1.26443890620371,-1.18617155821305,0,0
-1.39072053907853,-1.10940245031167,1.74284357093334,0,0
-1.45921178707144,1.31429985787297,-2.09808420453847,0,0
0.0743575075580939,-0.568174671456194,1.3758800404257,0,0
1.28748484766727,0.419442683472156,-1.67832367906327,0,0
-0.18288511898971,-0.155711637337922,1.44029004911195,0,0
0.996967764925679,-1.5633899167069,1.829374976213,0,0
1.54397853123197,1.58291206093874,0.494020784761211,0,0
-0.706480471213237,-0.898246972328965,-0.492797675286476,0,0
0.239854235667234,0.858212608623645,-1.43097650529384,0,0
1.92229346895993,-0.95062974737213,-0.110673633898135,0,0
-1.10947181205451,1.58489243875504,1.76495184000864,0,0
-1.85759698585711,-1.24496712679589,-0.24148624412239,0,0
-0.721545551696494,-0.0941404301969292,1.4346131527049,0,0
0.0112620409519563,1.18864147696421,-0.4016226028118,0,0
-1.77020338096632,-0.590406483427959,-1.20843689690879,0,0
1.4408017499185,-0.0532970822265002,-0.371735320606068,0,0
1.67462514469326,-0.906549776693166,1.79622302359457,0,0
1.66244368318842,1.93447352081223,0.607299473776237,0,0
-1.70116386713191,-0.210654354540069,-0.949504685368442,0,0
1.30116363103052,0.739514866029064,0.574272856157232,0,0
0.247890291264963,1.6281127444342,-0.436662174702936,0,0
1.4733134252196,1.05296323153779,1.10793663398489,0,0
1.10729124914701,1.41652928093855,-0.30357034368769,0,0
1.56176445858493,-0.930439427547026,0.325883727141984,0,0
0.827801037402855,-0.15007064268956,-1.56137656038342,0,0
0.310789211911392,1.1472465545546,2.05934386801246,0,0
-0.0179519274831665,0.390156156821529,0.307771780092448,0,0
-1.10115026743507,1.94312763678262,1.5747045879178,0,0
-1.15462416537161,1.70627606438957,1.48170413040534,0,0
1.31065365897226,1.54156855401124,-1.75553607100843,0,0
1.49957040435461,0.302309962393251,-1.85117280302494,0,0
0.281404499470586,1.67609640436855,-0.421009114645586,0,0
-0.49860726594771,-0.791389519075522,-1.04697190037008,0,0
-0.999095206944513,-0.924387052478068,2.05026806806835,0,0
-0.416724596592835,0.896570644750462,0.213711804925801,0,0
0.299135357681897,-1.29053040452912,-1.3409024821425,0,0
0.403652059724304,-0.0392068343459931,1.36641761340995,0,0
1.14356621152794,1.91294548522228,-2.08629613969842,0,0
0.0410567543769146,0.872401651375384,-1.36304404275761,0,0
0.17632805194877,0.435197194775188,-0.893695965639451,0,0
-1.78651100849452,1.03623744321398,-1.93107839925234,0,0
1.07804938527148,-1.76154353986285,-1.63557552993854,0,0
-0.0962829281114369,1.07579041284207,-1.99950673029988,0,0
0.897771585028521,-0.0777959240242768,-0.748687985375477,0,0
0.954397155872141,1.58871944680512,-0.999326124073561,0,0
1.51002960845313,-0.33304106970955,-1.38201833857752,0,0
-0.734682834969502,1.07766366359064,-1.55668653588084,0,0
-1.49056547304925,1.76126609346933,2.06327245799709,0,0
-1.15284954600972,1.06990238904902,-0.618334104366993,0,0
-0.898102488953851,0.621183380627348,0.0205443350136764,0,0
-0.841210393560155,1.68958789913062,0.537018048990593,0,0
-1.8504481186173,-0.870428767003957,1.90052401474602,0,0
1.61311397615759,1.83344387930357,-0.538169595986795,0,0
1.31873055615145,-0.199121535383598,1.38301249190778,0,0
-0.443993453162124,-0.900130591566888,1.89613169072995,0,0
0.0313694968157854,-0.507627197772463,-0.176586580427781,0,0
-0.614734733948229,1.60849488108547,0.52748064590845,0,0
1.10964140723544,-0.773278394745897,-1.08203410427251,0,0
1.09476866448545,-1.08857583093794,-0.609067536317686,0,0
-0.787856174147528,-1.72405183230348,-1.81405704652266,0,0
-0.403841960611275,1.73976619466601,0.329180894438273,0,0
0.345609102070948,1.36506515131471,0.479661498910049,0,0
1.90310692217084,0.473286765031031,-0.95523709433242,0,0
1.30057922509622,-1.7383051140733,1.32711937361559,0,0
0.886452928609973,-0.87153693910294,2.054697467605,0,0
-0.32847906140966,1.05210305837709,2.0649538341207,0,0
1.7676118075254,1.66654281806981,1.29723640583631,0,0
1.17213154721254,-1.76149532570314,2.1168558751181,0,0
0.802763197938788,0.513244196063158,0.767326411848724,0,0
0.94951247208785,-1.82733664807113,1.9125868281742,0,0
-1.72157755294157,1.97767628809814,0.370611156349297,0,0
-1.66569854112786,-1.23202901103718,-1.87443491898948,0,0
1.53279964691013,0.637585204976885,-0.225665141102814,0,0
0.485735308808128,0.662584565184858,-0.703058949356463,0,0
0.843684826037323,1.28682437742105,0.280301702376914,0,0
-1.85356618238932,1.50679064914685,-0.488454947940853,0,0
-1.30452962706125,-1.60536941390736,-1.27435037793331,0,0
-0.393489481811055,1.32656001674983,2.14300441526288,0,0
0.838173427348541,-0.294366425625139,1.88058178413463,0,0
-0.773884543565289,-1.6672466269633,-1.12116392250411,0,0
1.30664832448435,-1.51956873129702,1.91296915904081,0,0
1.20077763355534,0.936418608620252,-0.207216858090504,0,0
-1.18640334094477,0.399371400108533,0.438616281844357,0,0
0.462623825732674,0.166299202752151,-1.81836133983989,0,0
-1.50473899223221,-1.73833515942831,-0.147361096011296,0,0
-0.831492368656608,0.482723704228036,0.201665329021897,0,0
1.08914267575531,0.966697712170309,-1.02996259904241,0,0
-0.213947359605108,-1.46681412115128,1.80687581929155,0,0
-1.03386585678111,-0.491915520692343,2.05238736961186,0,0
0.30151582704443,-1.39927897900798,-1.28280523554032,0,0
1.09043898749797,-0.764179672660794,1.73792850586619,0,0
-1.2866073432533,1.62977344708119,-0.625604796672708,0,0
1.34391576324214,-1.48593952824031,-1.90082387553726,0,0
-0.93372169594847,0.283717874268538,-1.17945648649175,0,0
1.17264190625002,-1.89476548696948,0.790978528883825,0,0
-1.47119864112829,1.15733080223653,1.22611529162371,0,0
0.324254718249675,1.23436012511904,1.3035456198057,0,0
-1.64083727006032,0.0669151568236061,0.0826553891151254,0,0
-1.53308940107579,-0.053752683592738,0.795668803424725,0,0
-0.737272521020676,-0.34898963461209,0.683554439625594,0,0
0.559256789252113,0.201837514287781,-0.0421698439166724,0,0
-0.0045009586543995,-1.89757079694283,2.03580351912008,0,0
0.233997454232262,-1.24701063060283,-0.429662557345371,0,0
-1.65592277266266,1.58584311655709,0.417621802911565,0,0
-0.573872729475468,0.107147034880792,-1.02009748176429,0,0
0.708446923292701,1.8850188281444,0.427513546740346,0,0
-0.225952888552352,1.22779161823675,0.547623006383794,0,0
-0.919193840025731,1.79026351944986,2.07035110771077,0,0
-1.32119691360215,-0.810260302888286,-1.82808824767571,0,0
0.488134683309132,0.497306443036313,-0.774674910668763,0,0
0.32666279081467,1.18734279926881,0.733948484311985,0,0
0.239183243171472,1.73750317721273,-0.204830159288023,0,0
-1.78552505256616,0.135225678594348,-1.31125921911868,0,0
-0.530979666842187,1.33127227300942,-0.770962386188898,0,0
-0.440837970534897,1.20675805147909,0.782006516102116,0,0
-1.77965599979411,0.65019433262838,0.705138651658639,0,0
0.694650413200797,1.97272503747482,2.05797386653596,0,0
-1.66872696312351,1.38506669438522,-0.8688112032005,0,0
-1.71357868063755,1.51934328335656,-1.19417053218213,0,0
-1.85709397704678,-0.0361371356489535,1.13151562543965,0,0
-1.09164647331488,-1.55655317750693,-1.31525080458852,0,0
1.59600647034324,-1.81763488679958,0.727225859813649,0,0
-0.580778988741678,-1.89140915177213,-1.88284567064614,0,0
-0.512018038775201,1.29678438569431,-1.79566619640209,0,0
1.41667587262015,-1.7597490777732,-1.40081708724861,0,0
1.82490804586076,1.29709430636401,-1.41990083810368,0,0
1.85026946269231,-1.56845902051579,1.77764806225954,0,0
-1.60157475648899,1.45761721851644,-1.17531924003266,0,0
-0.122040880842334,-1.83957564391698,-1.87404457981043,0,0
1.66222067375424,-1.72997135933504,-1.36369153977199,0,0
-1.38295682356603,1.79069303309476,1.04767656499877,0,0
1.38930418991523,-1.03442757539783,-0.210934747765155,0,0
0.099751505378475,0.52751908972424,0.95267317701772,0,0
-1.02471322994733,-0.205801587687689,1.94335490529736,0,0
-0.253540905268277,0.421738057180884,1.97991192535305,0,0
1.02169564885288,1.8670726316754,-1.40557508775683,0,0
0.380485625287952,1.96726894223133,1.99369746537212,0,0
0.858512580969272,-0.856589930129499,-1.35075118597378,0,0
-0.797596515403402,-0.803163950034866,-1.9209348486108,0,0
-0.198228386088274,-1.14481203931002,1.87547423106304,0,0
0.979764037553305,-1.15943714614693,-0.910635942576671,0,0
1.6746772374357,1.95472324710917,-0.584846704585985,0,0
-1.60651561991913,1.81500893149658,-0.951036312831739,0,0
-0.39508544194675,0.0552600816368986,-1.08446232867034,0,0
-1.39271335303304,-1.00197141934354,2.05502201329916,0,0
1.84436699649607,0.0986432825330975,-1.69872365392165,0,0
-1.26512256463115,0.335571146571844,-1.41223338559428,0,0
-1.43731483604863,-1.0728814915412,-0.742552755562307,0,0
1.11167438531071,-1.05633891574703,1.73876850910643,0,0
1.56514124858168,1.3047478051801,-0.406473818011789,0,0
0.403465557008713,-0.505082089897405,-1.81787666332737,0,0
-0.736568262105263,1.69233207196568,1.23116726532651,0,0
-1.01837101382949,-0.670746500996019,1.66406686534102,0,0
0.550105189678992,-1.45800143526152,0.182912700779953,0,0
-0.816866840612946,-1.10358209767545,1.51898679508053,0,0
-0.0850535672115638,0.262682891593988,-1.69176649651317,0,0
1.6318623564234,-0.348013217594034,-1.82427219619478,0,0
-0.177823955365846,1.16533504702191,1.85653809088877,0,0
-1.20823917084372,-0.0826647394552865,1.79021070836937,0,0
-0.109863337097121,1.49344472742784,-1.61431437652963,0,0
1.42001224522324,-1.23837973767655,0.542672776007865,0,0
1.24314430568582,-0.732667388519364,1.96748974105504,0,0
1.71968902607136,-0.377808755419251,-0.0192545554014595,0,0
0.0713076724910383,-1.90882815457709,-1.94522056984269,0,0
-1.47790809496292,1.59228479304878,1.30496816374828,0,0
1.59413205349353,-0.26590713017187,1.3865116668862,0,0
1.88620303270338,-1.84707408888567,1.17624901102548,0,0
0.19545550999608,0.550301176994945,0.314239836221161,0,0
-0.310216208811515,-0.934557370025554,-1.52179856920986,0,0
0.286765366392793,1.16705750353388,1.5549091743433,0,0
1.67881551008019,-1.47934548741346,0.268475559838388,0,0
-0.0575006863525811,-1.65761153147461,0.126686185234511,0,0
-0.18649792123815,-1.14276732576997,-1.80968213306982,0,0
-0.602039189586002,-0.778194998284304,0.972263176517555,0,0
-1.64243377039343,-0.394728742401071,2.05248915039387,0,0
0.336831741527373,-0.541525293664779,-1.18419082345406,0,0
-1.22235435224787,-1.91644149408542,1.2065532316288,0,0
-0.808125383715103,0.153098053973681,-1.20258581995913,0,0
1.13475049165431,1.45672457779754,1.78484036704482,0,0
0.895050684139079,-0.912721205557639,1.58147711378915,0,0
1.31822894211315,-1.56016847496298,0.43824776382357,0,0
0.00386269745322,-1.59968660956874,2.10481633448768,0,0
1.76724318743456,-0.918459334659229,0.405623854688356,0,0
-1.58590792264978,-1.58930132627807,-1.56897738729657,0,0
0.554082794327994,-1.46685820707392,-0.192661767937147,0,0
1.34604800037895,-1.19838580846713,2.12538172336285,0,0
0.258953878860962,-1.65609071539518,-0.537490354228385,0,0
0.342611282701776,-0.601545110227126,0.355337543113284,0,0
1.6962462337208,1.44279110804467,-2.1565227929314,0,0
-0.720343081100938,1.13397855752976,-0.868021928383119,0,0
-0.0735407036224548,-0.842215453354791,0.0654169443673163,0,0
1.27669764720927,0.905219341554404,-1.86829871534284,0,0
-1.28222460382475,0.553192102499702,-2.1755377630016,0,0
1.66608027980474,-1.31581952410049,-1.58894456808832,0,0
-1.17085135219094,-1.32990747020373,-2.0733698983871,0,0
-0.764383980002771,-1.30595604176463,1.37230126316577,0,0
-0.902957724894335,1.57889390137139,1.70168569793704,0,0
-1.45770246751695,-0.792306595308607,1.53757718084442,0,0
-1.58976583549133,-1.85543934412549,0.0168942867086523,0,0
-1.73160065743612,-1.73396650569132,-0.478108231544952,0,0
1.62842365360362,0.395927443193413,2.04030059603361,0,0
0.915192068828572,-0.982682968329704,1.58495921631284,0,0
-0.82725250347485,-0.736654828529008,-0.306413897936971,0,0
-0.541092907260899,1.18472585459483,0.000875163460205524,5,0
1.42490787553258,1.01297379458017,0.520797226811793,0,0
1.05264240942953,0.380878226368655,0.126406355908151,0,0
1.89279516894248,-1.39467029177754,-1.10234365029121,0,0
1.84046516029107,0.530311120002829,2.02522193879163,0,0
-0.572135399675626,1.46038036482031,1.18297075380973,0,0
1.51952099043069,0.413583558250913,-1.77560925387695,0,0
0.572641439549408,-1.15267718303329,1.28565960212094,0,0
-0.759690859963974,1.91964293086112,-2.04320024091824,0,0
-0.803471986783449,-1.41244704897547,1.72615408481771,0,0
-1.66837917959831,-1.21785487646709,0.144075808011499,0,0
1.91868328002719,1.16297778716215,-1.99712910070119,0,0
1.77553587842735,-1.00311691800418,1.72472577683379,0,0
-1.34445686063931,1.4427476634813,-0.728227409123525,0,0
1.76029381155874,-0.284932095656425,-0.981631515280468,0,0
1.4715983967174,0.625822719903994,-1.7724181625554,0,0
-0.993175097546394,0.343082461604698,-2.10132041714818,0,0
1.19410180391046,-0.662734148444263,-1.47856904367356,0,0
1.64887689780449,-0.238264637213649,1.96521676109912,0,0
1.25638393245906,-0.29140597330958,0.594782519892279,0,0
1.36547172217252,0.12080573008659,-0.371801781197263,0,0
1.34434715073061,-0.234887317799541,-0.853794416777424,0,0
1.11898615749466,-1.21221552216574,-1.4676022089535,0,0
0.898617408433379,-1.65297665890486,-0.446617189362766,0,0
-0.787262510469289,1.85222361108445,1.91593575542797,0,0
0.892591568231552,0.198699899020476,0.186815455833239,0,0
0.202518325558425,1.00514468375222,-2.05312162592977,0,0
-1.17084747516751,0.245030965898837,1.82362733110813,0,0
-0.53502235111088,0.738425119096019,-1.3766232525697,0,0
0.686857027566531,-0.947928863094143,-0.603586708423365,0,0
1.24338518768439,-0.813758913100628,-0.137078051317601,0,0
-0.531938243617181,-1.43208635543671,-1.35739808833996,0,0
-0.299102836267295,0.790292235818671,1.39166438376258,0,0
1.9167820251071,1.52014313864015,-1.36538712252647,0,0
1.42455802154579,1.86773072740344,-0.785485502818228,0,0
1.04308236658908,-0.683537716289582,1.0627790426933,0,0
0.0484609773637987,-1.75051116156958,2.09590100751965,0,0
1.16348375346232,1.79383761846841,0.865766296173167,0,0
-1.39710413254741,-0.360230795872269,0.875921777793152,0,0
-1.82784899685205,-0.47356647670911,2.05033330478776,0,0
1.38424317152477,-0.65824071429428,-1.99614481826242,0,0
-1.52753870523881,0.26890983224653,-1.23851834348925,0,0
0.507456977281374,-1.57059403798732,0.528809063076146,0,0
-1.25296107626164,1.10788695702478,-0.677895019635943,0,0
-0.903303619499717,-0.309867918418539,-0.491541923102211,0,0
-0.818572606943357,1.29888191056238,1.50880294170313,0,0
-1.04944171074839,-0.494534274492096,-0.0440643124172918,0,0
-0.794090448194525,1.53201226086623,-1.85050549933108,0,0
-1.23124123117607,-0.967002769855523,1.61409573263985,0,0
0.936813125975602,0.40117352840285,-0.838760497161563,0,0
-0.0140319185056991,-0.494714445354919,-0.914169921472439,0,0
-0.333121898810158,0.992893302282845,-1.23375486137163,0,0
1.48854422055914,-1.88394380933468,-1.33424168695873,0,0
-0.422801604116929,1.69633097798272,0.844792432748268,0,0
1.02268197406374,1.47867806265756,-0.160442542284787,0,0
1.47993263597615,0.573942423841515,-0.955240911719126,0,0
-0.617370398769753,-0.772128408395061,0.148267460582635,0,0
-1.81167032861651,1.73753674867521,-0.671062603006252,0,0
1.09248820426185,0.669732085370009,1.69770773398815,0,0
-0.087486331226384,0.494019240528572,-1.1780473099826,0,0
-1.68668885668571,0.270629928592913,-0.363730508697682,0,0
1.18763874031692,-1.23814671716837,-0.124270691587447,0,0
0.974034700201514,0.112766205980213,1.02867966045048,0,0
1.38810233036265,0.860518725784249,-1.59128212778036,0,0
1.60513750787729,1.69959660235495,1.53320387087621,0,0
-0.286552938870079,-1.66566294125448,1.77528157201999,0,0
1.34765062885326,-1.00095628265488,2.09396533128616,0,0
-0.614294387152759,0.79646143406665,1.86934337742667,0,0
-0.251368563343855,-1.48442139893616,-0.66686007123731,0,0
-0.776028472876692,1.75402012691827,0.511978421722574,0,0
-0.610790846473771,-0.470420674303801,1.93674322796571,0,0
-0.397648626443964,0.838202107506776,-0.882839957622266,0,0
-0.601833395623621,1.01431122752656,2.06593817830981,0,0
-1.46344463145791,-0.346332061699113,-1.42562610832169,0,0
-1.54382031119174,-1.03750816442988,1.23524440743178,0,0
1.56206868625803,-0.857558390825899,2.09151492737555,0,0
-0.272787131474016,-1.64266627688788,-1.31783618060316,0,0
-1.76062000602527,1.63892416032081,-0.0552895025246557,0,0
0.375633466701609,-0.126563447227279,0.041838847786555,0,0
-0.203168740315927,0.424478280593117,-0.650619625605502,0,0
-0.780093202513435,-0.848280807966025,1.79387556967351,0,0
-0.253152549374744,1.88502636023838,-0.00850402812608334,0,0
-1.3730913601903,1.49297782062209,0.63917607201571,0,0
-0.094720577996373,1.01500376962964,-0.00486005160187639,0,0
-1.68231810344084,-1.39500787026713,-0.35718294038223,0,0
-0.0390148190068417,0.63893780337849,0.363868112729444,0,0
-0.550438557258774,-1.61344397465826,0.908597388172393,0,0
1.46111654683469,-0.888811145247095,-0.252378454044473,0,0
1.76379349204012,-1.05144436748623,0.954771996677059,0,0
-0.633031895281369,0.0263500629795164,0.609200075808029,0,0
-0.781773771733815,1.69300706837697,-1.98679478397905,0,0
1.82869155226425,1.20857682683237,-1.94058995728012,0,0
-0.88096316905389,1.23023764294822,-0.96782785811213,0,0
1.18886753978037,0.674523828211475,1.45563938954163,0,0
1.91506286985086,-1.02786565453618,2.01667448804561,0,0
1.38572889242224,-0.806481045540582,0.0676817985838888,0,0
-1.78244479021539,-1.68752568883217,-0.907609920077294,0,0
-1.73004500754017,1.79241532447726,1.30622650641056,0,0
0.239148531502338,0.618304255950547,-0.884665803256961,0,0
-1.04265957379403,0.492877892000627,0.488097884050178,0,0
0.962367197574318,-1.64272090828948,-0.173042458276963,0,0
0.207896986229335,0.00874746812079753,-0.291115260622632,0,0
-0.675844850179919,-0.201056803656936,0.224799307938122,0,0
-1.1243183800257,-1.87386530377964,1.96611943386367,0,0
-1.26438947334275,-1.25817458972436,-1.40916397385359,0,0
1.12554412049091,-0.5748394816704,-2.03766415860372,0,0
1.62776460744091,-0.140028054165502,-1.95553465471898,0,0
0.104475077496934,0.637752096144947,-1.67254310583462,0,0
-1.80067992714374,1.80812835999826,0.269305256843133,0,0
-1.41587732115823,0.920007963071989,0.139625522682614,0,0
-1.04020570754272,-0.95916225961936,0.330421129061994,0,0
0.505836004234113,0.474696208116694,-1.85156108824546,0,0
0.847079442548853,-1.42376105605782,1.01655978463269,0,0
-0.454916784254884,-1.72320673884013,0.532446538603953,0,0
-0.242630753221364,0.294579930167309,2.09826476150986,0,0
-1.16375555270563,0.971244286994957,0.124445349881468,0,0
-1.22895191348596,1.01333859936344,1.65099124992073,0,0
0.252283407797345,-0.545809113726532,-0.598160228939933,0,0
1.74281052228157,-1.43587002292761,-1.06490434419887,0,0
0.855921091898522,1.467112325258,0.166736624325675,0,0
0.446096911704628,-1.65575708815304,0.972373925273263,0,0
-0.0963898889712318,0.620406311387742,-0.983685988061841,0,0
-1.77942962785241,-0.969448460658755,-0.346444677132295,0,0
1.17224487974515,-0.635786297744199,-0.530089622760951,0,0
-0.624755196788847,-0.853474346419543,1.38391743020176,0,0
-1.85524282587995,1.91096268429047,-0.122599410128452,0,0
1.70798794796075,1.65054459207188,0.701595226983143,0,0
1.05012621236637,0.713276477274002,-1.35125781423139,0,0
1.83467887727578,-0.648907112397761,-0.691510047690888,0,0
-0.797937238282689,-1.34605424157542,0.901001735129153,0,0
0.967846219840835,0.340678715514734,1.56521696878177,0,0
0.452520103415343,-0.0573491115841784,-0.661439346684512,0,0
0.072300543831914,1.83599124881392,-1.5187203312176,0,0
1.44777951803924,-1.31075250949887,-1.19512349403095,0,0
-1.82761807839634,-1.92033440430854,-0.766654079098585,0,0
0.234687712293297,-1.5913102039834,0.070238852443858,0,0
1.63665843454769,-0.992225365053263,-0.398928676759015,0,0
0.158367685994021,0.385506127007427,-1.0435766633869,0,0
-1.01151285073039,-0.222539165891651,-1.10261248198056,0,0
-1.86190528608153,0.411721582835366,0.314762598530563,0,0
0.688240260615941,1.05772151148258,-1.07963585511672,0,0
-1.45305700705948,1.16400248858837,1.95444226253835,0,0
-1.44154853058186,-0.0834549031891829,1.56204519216145,0,0
1.06241019359978,1.73224676091897,-1.14247459666091,0,0
0.88308917508237,0.602361184112185,-1.97713311994874,0,0
-1.57995112056347,0.67978170238874,-0.791370109198395,0,0
-1.85870561441999,-0.868799370534879,-0.686425325041567,0,0
-0.146557844245102,0.0417283481954385,-0.585621596632133,0,0
1.88361558979985,0.572173010343463,1.2371581562154,0,0
0.477930871266043,0.166404028042617,1.36918135583143,0,0
-0.975289807520267,1.2334959496211,1.68329606763906,0,0
-0.502547059434199,1.23213258313504,2.08005715607418,0,0
0.94642251452179,0.0196770720135301,-1.35513898905402,0,0
-1.12764075088885,-1.27729915748121,1.78745416644422,0,0
-1.77843006514811,0.216431312209818,-1.67495077748721,0,0
-1.60434521827756,-1.20345942368648,0.911946261774213,0,0
0.334859990844303,1.39208008837604,-1.0839091517803,0,0
0.419961159954646,-1.3234730813049,-1.14981196416561,0,0
1.85919439011565,0.805660788430601,1.52823476918685,0,0
-1.77073602447562,1.29013130970887,2.09722271819386,0,0
1.40100257500888,-0.410979818129888,0.95550620536221,0,0
-1.20330941954013,1.02446731748132,-1.5410225024817,0,0
0.630734274250216,1.20238727204213,-1.28671772994059,0,0
-0.145334365283424,-1.7248725249207,0.0608414718349411,0,0
-0.677016471960661,1.55311710061055,-0.367843708961124,0,0
-1.24213967776484,1.06822136361551,-1.90562543737795,0,0
-0.243081600214832,-0.589877736999379,1.46358753790696,0,0
-0.222479336800158,-1.44618488624856,0.0812652853672935,0,0
1.92084292908344,-1.24844900419141,1.16042696859066,0,0
1.18426964326273,0.289151386914865,1.58983195100543,0,0
-0.596695925129479,-0.571268897811495,0.2026112108382,0,0
0.0510715035228817,1.41772360592399,-1.02104947889035,0,0
-0.77326078734862,-1.13163185285269,1.26246218129481,0,0
0.231236671718729,-1.08067346556954,1.4007834595703,0,0
-0.866745439582942,0.386517668252488,0.973007405969346,0,0
1.71645747213535,0.867433783799583,1.57908123139288,0,0
-1.39598360812894,-0.597759290579036,1.52719458546761,0,0
-0.144926561397293,-0.457731259967911,-2.14132324064176,0,0
0.610498858901735,-0.975541124584565,-1.30549293046808,0,0
0.45094243826071,1.55008894520704,1.29641055051349,0,0
0.285839384775741,-1.48649109994254,0.0228017103511764,0,0
-1.78824798140984,0.980455038942492,0.733441361039236,0,0
1.48181945965507,-1.75487392447193,1.32234164133816,0,0
0.0702474447311928,0.895375078100783,-1.11003722016391,0,0
0.672980655042659,1.45406231009828,0.274717582335337,0,0
-1.02757658886588,-1.77214647749662,0.472802481037225,0,0
-1.48740516849589,0.897266595272035,-1.7152497334132,0,0
-1.45795014537614,-0.647736281414752,-0.8133650653598,0,0
-0.448415996284645,0.91808537875003,0.685465759899349,0,0
1.32408802248664,-1.8023263327536,0.458804081470341,0,0
0.170502498352374,-0.46984229779862,1.48744265569137,0,0
-0.00907347740582628,-0.298801606472712,-1.80939511438244,0,0
1.87907309097015,-1.45336647602159,-2.07614328601158,0,0
1.27021478847988,-0.33264564481119,1.66854434714597,0,0
-1.32027306355097,-0.265496057202299,0.577246576105845,0,0
-1.18662514069096,-0.52766083343864,0.0307630186282488,0,0
-0.329183647100232,1.32407895721848,1.31657951324427,0,0
-1.84714351847805,-0.495000383932273,-0.614543262215455,0,0
1.11254150046394,-0.777573044929697,1.466024745463,0,0
0.269758706580585,-0.460941598806835,-1.43938196261677,0,0
-0.869205708502006,0.891063958759947,0.777799864268497,0,0
1.2681624031482,-1.53400105174355,-2.04391333098195,0,0
-0.643082604749518,0.782002504965457,1.33209544195977,0,0
1.90455113819527,-1.00508080020624,2.12529034194802,0,0
-0.967213221175977,1.12692650864288,-1.73253824757598,0,0
1.21224714674449,-0.823183069815956,0.472677497306216,0,0
-1.73885354633043,0.84096291918994,0.915144450337394,0,0
1.37585468493291,0.499891046051923,0.827889554614547,0,0
-1.87371604640713,0.205404836611321,-1.01914269372464,0,0
-0.854880437237646,1.69469235798287,-0.0132713569871302,0,0
-0.123930929765507,0.153208807503812,0.642422151522319,0,0
0.54811724901365,-0.865847287820841,0.236167060381678,0,0
-1.50785493683633,1.6209203281884,-0.444271846089083,0,0
-0.671376795867763,-1.84915577409584,-1.81149895707886,0,0
0.311944534784809,1.12460279378839,0.79311406368462,0,0
0.645512026383839,-0.49822373698154,-0.0941634687890868,0,0
1.13176284925025,-0.724269103733716,-0.179727341160725,0,0
-1.42820611309577,-1.29805668613195,1.29291631151428,0,0
-0.998885983171316,-1.23506781683617,-0.825056045481735,0,0
-0.544699675238515,0.790372534363194,-0.746341332184424,0,0
-0.134858490338375,0.507468108163826,-1.99871053640582,0,0
-1.60355787877049,-0.0909998407742986,-0.266986180807891,0,0
-0.952483330533541,1.48016623875077,-0.854380940883813,0,0
0.0930412589591113,0.789075372027299,-0.801733201586007,0,0
0.0283816507307369,0.058039120513084,0.984113484703241,0,0
0.687433089664656,1.65017790335279,2.11290471790943,0,0
-1.11918637172446,1.25461596485612,0.911366634473877,0,0
0.110911134761881,-0.343268377911909,1.08730868693852,0,0
-0.938754369914766,1.18334900770414,-0.920899583486654,0,0
-0.88348045802429,-1.8617541500846,0.150934652780868,0,0
1.16930523698113,0.221925694685387,-0.673578312472735,0,0
-0.335148848813596,-0.932638569996935,1.39849681355219,0,0
-0.865266962644279,-0.935798775159951,1.64368706462734,0,0
-1.68719452309022,0.519654299980199,0.14115469430392,0,0
1.20973876926034,-1.5728231509822,1.66798511770883,0,0
-0.311350562283869,-0.122748330324595,-0.0492993172094928,0,0
0.363838314539099,1.65073298382845,-0.56327104345867,0,0
-1.73397558224778,-0.027208500580411,-1.77835364312976,0,0
-0.785137423420921,-0.405353055635846,-1.8045077468803,0,0
0.000143780063893141,-1.2553103777908,-2.02426530538204,0,0
-0.768217030479571,0.726199020683863,-1.22695789349497,0,0
1.77333502913396,-0.780953568403162,-0.729305471117958,0,0
0.51611639147505,-1.63154538280561,-2.1510804355083,0,0
1.01003816644499,0.891381512790876,-0.0249050844068857,0,0
-1.02013454586079,-1.40764617748425,-0.741767002539769,0,0
1.66177176350135,1.95540393273292,-1.2108352857621,0,0
1.46140050204996,-1.54439413808651,1.80305316760874,0,0
1.59047529777227,1.35380700178879,-0.0831712627714881,0,0
-0.393399855089374,0.222713185328761,-1.88843648098439,0,0
-0.468120625163139,1.92391896429229,1.7462169260202,0,0
-0.766659785672887,0.829643554066412,0.764716262806384,0,0
0.563264423564109,-0.823751281278609,1.66879037878208,0,0
-0.394783883380228,-0.935520609528418,0.720863471702412,0,0
-1.74957730635794,-1.23318369856053,0.0637316870820524,0,0
0.343028385068043,-1.91703705317999,-0.998428668707863,0,0
1.21897037118541,-0.148948003058321,-0.240510076287666,0,0
0.298530234733853,1.9601389385438,-2.04113249585972,0,0
-0.980389922920208,1.27242241069288,1.44367551840372,0,0
-1.44593974491087,-1.66819379234264,0.387670071556532,0,0
1.26553374583842,1.59396888934327,-0.119225049826793,0,0
1.69704434706686,1.32225346264619,0.768541458401372,0,0
-1.76151445693897,-1.83401320619887,0.605380885181998,0,0
-1.72171562563033,-0.0768904853143004,1.08248359315103,0,0
1.44729463506619,-0.861287081146844,-0.624287602885125,0,0
-0.538468659201844,-0.609883822499138,-1.57105380170002,0,0
-0.708617906643227,-1.70389444623086,-0.80335825733656,0,0
1.43539781066516,-1.12417050180467,-0.910556085195323,0,0
1.6326821901335,1.48010830658415,1.89393440658636,0,0
-0.0134629604463986,1.756888249045,-1.77440347392677,0,0
-0.00573369004659816,1.83517181337033,-0.103042577655409,0,0
-1.17440026856742,-1.4443108992597,-1.92880049344022,0,0
-0.88271293047889,1.52483445173728,1.49629760093514,0,0
-0.553580094822505,0.286921430938537,-1.06397670404484,0,0
0.749520129901004,0.156717655744087,-2.19221400113532,0,0
-1.34423071186113,0.419218934847588,1.03904809272536,0,0
-0.0647217363653325,-1.70339310126093,-1.39146269804675,0,0
1.28872725479222,-1.33131217288722,1.37919524085028,0,0
-0.867979964253452,-0.666101661356655,-0.18973241713712,0,0
1.0704635638531,0.489757181978164,1.86383476997097,0,0
-1.17260720013537,-1.61400189882783,0.489786236951604,0,0
-0.393885518249181,1.82344108972182,2.12844416541182,0,0
1.89502388799476,1.71012797597275,-1.64962434613961,0,0
-1.31979854174151,1.79765992899525,0.6679528884751,0,0
-1.22718410946721,-1.51058119791754,0.639135966678529,0,0
-1.37354816352447,0.257535461671194,1.20822280938537,0,0
0.829839797361636,0.982916520138478,0.038912522753927,0,0
1.59008532040091,-0.587116616040554,-2.06768863592626,0,0
-0.294810952730944,-0.477327589884692,2.11897531939604,0,0
1.10697990946495,0.663688538798317,1.19948962369424,0,0
-1.29097734464963,-1.62348426687896,-1.40563699198166,0,0
-1.8313834837585,-1.18678421424955,0.420201115243792,0,0
-1.56535382447664,-0.329218268355852,-0.317753086285943,0,0
0.0962304906413865,-1.09517459209598,-1.42639011712082,0,0
-1.61838569657787,1.91267328158616,-0.466609961121349,0,0
1.20494592257929,-0.143235524677939,-0.830600281880028,0,0
-1.57440615081912,1.81545708835133,-0.0469460972224815,0,0
-1.28966326749649,-1.8223798870496,0.815309676106448,0,0
-1.62217531518231,-1.76824627146977,-1.66134697787388,0,0
-0.215820099186115,0.0938507377644749,-1.1327238309174,0,0
0.988516281573677,-1.5274101292182,-0.540673857342363,10,0
-1.83187536361646,1.05983684114063,1.91942175328553,0,0
-0.332317139264721,-1.2940876484803,-0.136472597184323,0,0
-0.312417443327645,-1.267789490151,0.451595345016803,0,0
1.83865030330613,1.4334104415086,-1.65033186348684,0,0
-1.03601659169441,-1.69199734687373,2.04075983342443,0,0
0.923939250933471,-0.637820647356491,-1.76902865215843,0,0
1.25500315332283,1.29197258007684,1.51186946636165,0,0
1.736490048667,-0.178090223875009,1.62206937276652,0,0
-1.50340092942816,1.82920697517361,0.788481126879176,0,0
0.755474378890337,1.08902137433457,1.37826723626793,0,0
-0.79708285142041,-0.942905064976503,2.07002054692465,0,0
1.16874694649247,-1.06716169454915,-0.852434419870753,0,0
1.28558901154717,1.89340043485229,1.82018648187085,0,0
0.707624956245595,0.607675310879396,0.641251360740555,0,0
-0.295732962568623,0.603915755942247,-1.62655523850216,0,0
-0.570412356769121,0.572985975630751,-1.92171577700723,0,0
1.24884305723695,-0.126887153015681,0.39079937000635,0,0
0.026956927862958,1.8484757867268,0.164957476131643,0,0
0.0113871241067525,1.68206281357615,0.43985538674027,0,0
-0.492287932946702,-1.14121776803735,0.652815144241707,0,0
1.35248013988426,-0.731348505726415,-0.67084471940906,0,0
-1.0713830721979,-0.0102569154790501,1.22576504462192,0,0
0.349925152799958,-0.399801687979309,-0.680098738976372,0,0
1.32580004802254,-1.23028003527766,0.352134662535417,0,0
-1.40123898158008,-1.0420618407346,1.09188279084007,0,0
-0.442201827322841,-0.589486506937273,1.95610083759641,0,0
0.676303783067761,-1.43319401207625,-0.804716875489401,0,0
-1.16395982260283,-1.67306192627242,-1.72047770980023,0,0
0.0417113115876431,-0.84129871559153,0.33194147949323,0,0
-1.77435038621202,0.42423627010746,0.583766006505393,0,0
0.00952930725801028,-0.858115180984711,0.669532947450507,0,0
1.72510914468014,1.76070893564653,1.77741442422339,0,0
-0.428312424528804,1.20346674445454,-1.8292334039617,0,0
0.777514763839881,-1.57607704295029,1.89057991673913,0,0
0.741579682161608,-0.389374600472283,1.10657385325074,0,0
-0.0610907949960704,-1.24326983930144,-1.78790858432505,0,0
-0.838460179433475,-0.138667962899575,1.77382387086705,0,0
1.00078966785315,-0.0406600267091066,-0.931272044719124,0,0
-0.936649435772347,-1.36861098092883,-0.86450988402332,0,0
0.104774960565893,-1.79352896923767,-1.75438397641204,0,0
0.452808788457509,-1.13668228790685,-1.81015374077768,0,0
0.273723347377137,0.989841758705738,-2.04255373089723,0,0
-1.81395495544478,-0.543460251750138,1.13176039574883,0,0
-1.11789792738156,1.50877550005627,-0.00406362184171244,0,0
-0.289858968318564,-1.39753369083613,-0.292713434722702,0,0
-1.09649489302664,0.3066795530804,-1.40641031901062,0,0
-0.443377018834386,-0.313069569257104,-1.49190966226118,0,0
-1.58735218472382,-1.04427027787607,-1.89069485849978,0,0
-1.32672823583437,1.19680100185176,1.8829841695519,0,0
0.22744698138316,-0.366234156678996,-1.77250539252423,0,0
0.638796970436321,0.389566485824652,1.57763901743146,0,0
0.91989384708073,1.62542859388535,-1.66841373203965,0,0
-0.447226112288915,-0.420568478478159,-2.07623099682334,0,0
1.42617535578783,-0.471186977283591,0.0447215649208765,0,0
1.14742841938174,-0.461781768492176,-0.872113778208213,0,0
1.24758568575796,-1.21465405401289,-1.00368233324261,0,0
1.55145538951783,-1.76408226151481,1.98581262428067,0,0
1.85882331079821,-0.904907381523143,1.05431520698958,0,0
-0.866592837354789,-0.733438219331326,-1.63020243920474,0,0
1.11558681469851,-1.22885838447039,-0.0424940474531224,0,0
-1.15263085638374,0.258628960966464,1.64392142747093,0,0
-1.86387601835964,-0.474446854967356,0.940677536840571,0,0
0.240393706917668,0.590373999779803,-1.27494680740404,0,0
-0.319657521573034,1.692634310009,0.73948621060317,0,0
1.63229286454132,-0.912165369683021,-0.173227031100636,0,0
0.103725198466833,-0.990533491251358,1.0289958617483,0,0
-1.72069927429876,1.39816639800987,0.160773804540827,0,0
0.274075123049814,0.810591534716204,-0.300589630764438,0,0
-1.11293932510803,1.53712868658824,1.73271735695707,0,0
-0.224701225454595,-1.10850548885669,1.95234216535528,0,0
-0.97643399081448,0.142661084242578,-1.50415658892843,0,0
1.87537979753537,-1.03473498263259,0.158286195535116,0,0
0.579312717366874,-1.52827126122468,1.72266996983983,0,0
1.09765861882833,-1.52848080688909,-0.70570028738963,0,0
1.8927284350789,-1.34057038633246,0.855291815255676,0,0
1.22985433871226,-1.4710842838188,-0.984159518129118,0,0
-0.655864258351225,0.527096027076973,0.137637300946149,0,0
-1.5053722072171,0.0921068198936412,-0.542897636437489,0,0
-0.604454047384788,0.699942161146983,-0.134141113322305,0,0
-1.80642722650245,1.44662090413729,-0.158136748595088,0,0
-1.70973560905587,0.566381551717468,-1.04229076791864,0,0
1.07796236566651,0.305101403314681,0.767270535875772,0,0
-1.31209087923841,1.57793725245075,0.0444174920001867,0,0
-1.73179581128051,-0.850782589878991,-0.0855578421224621,0,0
1.08468838673603,-0.00668972270460706,0.979267504111222,0,0
-1.80892863986776,1.78162348327674,-1.0965150322494,0,0
-1.01079103539891,-1.37017617760949,-1.37544650338482,0,0
1.35881726043499,-1.24612737580724,0.0339811404085139,0,0
-0.686438998250026,1.5468495828088,1.10253806869887,0,0
1.0354994259284,0.0609378782643039,0.209569647795024,0,0
-0.501159563253039,-1.18230125533007,-1.45967686772752,0,0
-1.15071062105177,0.273872308025406,-0.998490678211987,0,0
-0.0708616698040042,0.217616744835767,0.0985655199499306,3,0
-0.93620826008379,1.57362496625573,0.444423379381271,0,0
1.72507414431534,0.833196833085373,-0.0249728285956261,0,0
-1.09029746575693,0.270405414533892,0.514552842616837,0,0
1.52088022011781,-0.174305093939013,1.32114928449796,0,0
1.77408255166353,-1.51425993611378,-1.59313765508984,0,0
1.84057546948928,0.650214085216404,1.64523114237944,0,0
-1.62034355975947,-1.2696053141569,-0.169016880755096,0,0
-1.75703409143911,-0.0218219595172425,0.132799394466134,0,0
-0.186196399865549,-1.27075774460654,-0.517506099969601,0,0
-0.654230656196799,-1.41980832152141,1.93336295582678,0,0
0.872760553525472,-0.298131635106676,-0.198334184912702,0,0
1.36072768011422,-0.925896836813269,-0.335276414778521,0,0
-0.0273050136084417,0.790037121715547,0.915053136746725,0,0
-0.430428279514751,-0.952393471657724,-0.154529709918537,0,0
-0.288861195350302,1.82624274677557,0.451316875210556,0,0
0.498241111041397,1.06682796454689,-0.866709482286772,0,0
-0.264193753315131,1.36840428932559,-1.22061484741709,0,0
-0.895882656591879,1.50256989303813,-0.301598974736661,0,0
1.76719444480168,-1.89072015219824,1.88897180386879,0,0
-1.76091941974238,-1.78687807095431,-1.49718928522799,0,0
-0.898860866794797,-0.808037768615509,1.36560963025958,0,0
-1.44561498619363,-1.61284467962318,-2.08916380796752,0,0
-0.955167006507504,1.86770254956252,1.51364435985498,0,0
1.81544718415171,0.283769537901034,1.18200593083123,0,0
1.3633251334958,1.93004478457607,-0.439161818954085,0,0
-0.368832057338485,1.34986651055437,0.925191637019059,0,0
-0.0521064839363,1.52053139728389,-1.64062516218936,0,0
1.7850476417878,-0.970649885299644,-0.240309177075026,0,0
1.77197466503227,0.940115779280968,-2.15284054738385,0,0
1.19170588844407,0.0253274352511676,1.05006523576341,0,0
0.615028462067839,0.0440191958966303,1.61765156913672,0,0
1.008112117349,0.297694534960496,-1.46108714460775,0,0
0.825718260210247,0.629035406136063,-1.77290352743254,0,0
1.7266702709381,-1.67482970672199,0.799429736133779,0,0
1.85380935334408,0.722823100764929,0.180407422061977,0,0
-1.66552229773535,0.953063988921436,-1.87905204770402,0,0
-0.944752591859449,-1.49228372724736,-0.885160639221347,0,0
-0.847641060363331,-1.74558722026084,0.467934169087282,0,0
1.57980754559011,-1.4154418819792,-0.157811097468347,0,0
-0.444091558326551,1.52351921274076,-1.3138133008632,0,0
-0.831964707537165,1.36196121333872,-1.45389245382924,0,0
-1.20023759489591,1.47331055618848,0.645084896682684,0,0
-0.0786545196686999,-1.79759067463565,-0.368461461538075,0,0
-0.361341502834165,-1.50557748447152,-1.32239181203783,0,0
-1.37736501073546,0.223953282199742,-0.307205271254124,0,0
-1.80726812791182,-1.50004965004708,1.20170594415631,0,0
0.487322524830216,0.902982557793273,1.46276306538717,0,0
-1.58063050825844,0.912464080126001,0.608643168589163,0,0
0.632006060144558,1.16524461810293,0.667126094749345,0,0
0.895856593153774,0.491113345716888,-1.69920996428783,0,0
-1.60927425492654,0.042573610437537,0.176348485176148,0,0
0.386555817468891,-0.141033345122791,-0.342468040309893,0,0
-1.53278658057268,-1.79256388502865,-0.64224644144766,0,0
1.55975423256219,-1.10695403806508,-0.431413166752341,0,0
0.944369748395215,-0.585228643223118,1.79954546905671,0,0
-0.474683714721432,0.209447114206338,-0.381239650805404,0,0
-0.240058642183218,1.08673040529514,-1.99864117354794,0,0
-0.545813571169,-0.248337001046715,1.78732335692151,0,0
-1.79016045206812,0.761416222886936,1.14972579705812,0,0
-0.59705816734851,0.116480503578944,0.0935628675717313,0,0
-0.468845491281673,1.19273007565995,-0.00374425609127861,0,0
-1.23556677963836,1.61009828836352,-0.827758922299106,0,0
0.63326903107973,-0.233868481663073,1.23325712106135,0,0
0.397739364314347,-0.62773048785662,0.363676952863793,0,0
-1.35143691972844,1.66520053433082,0.512691503687876,0,0
-1.4246715367468,-1.10836124597266,2.06736086093761,0,0
0.0966629797783562,1.25620137575749,1.02695256679349,0,0
0.745928976285461,-0.750092125240337,-0.921521543186158,0,0
-0.88905778293724,0.313627490109164,-1.4764428534224,0,0
-0.24462099902421,-0.412840180567945,0.511661876242456,0,0
1.61687724198375,-0.833283690861569,-2.01385188544273,0,0
1.09144674614833,-0.909452210171934,2.11419592593283,0,0
0.337148206000339,1.8308264994541,1.06777659105034,0,0
1.52208990633395,0.556371282043842,-0.971590447957763,0,0
0.861801391403683,-1.60757174034564,0.902365909801651,0,0
-0.590175512052734,1.70082515658386,-0.574311476503596,0,0
1.92060615524196,1.56264874475906,-1.27692143292707,0,0
-0.60890878361668,1.64549289345786,-2.11749417847029,0,0
1.40213848354134,0.88694875049722,-0.157694727405723,0,0
-0.0469602985523455,0.746001504268275,2.01910491824711,0,0
-0.320362043502599,0.247030826257162,1.06602652626126,0,0
-0.907944521045207,-0.354349586179256,1.04539796474823,0,0
-0.659208402712574,1.45644223101452,0.890656603996466,0,0
1.71801575837181,-1.63681577489245,-1.929586738441,0,0
0.642355984962233,-0.818382853368764,-1.99996767341772,0,0
-0.0729386544862723,-1.2911231418254,-2.17699703220864,0,0
-0.588631712848327,1.06483518924693,1.1054798667508,0,0
1.19329564162288,-1.47239386553397,-1.28413112904186,0,0
1.46402687016248,-1.27218020828877,-1.12825570884661,0,0
0.584337028900033,-0.0637077635264032,1.66980466177041,0,0
1.11224282088399,-1.90571618911867,0.759161578450469,0,0
1.62703561899618,1.88971841596202,0.00388035685619874,0,0
0.587615174420513,-1.4811238397992,-1.82103860746901,0,0
-0.291266731644143,-1.61189350369574,-1.27247157073996,0,0
0.522658586020122,-0.663078268250937,1.12149761225772,0,0
-1.86405263014907,-1.46295302070539,1.40009606474042,0,0
0.698464195455615,1.93422792856773,-0.423720140485227,0,0
0.893840243417691,-0.34479577453808,1.5305405072,0,0
-0.0578837722218007,-0.981005489074649,-1.91326106314695,0,0
-1.30513120861672,-0.537849116344002,0.211270814401282,0,0
0.538702951436421,-1.32794548014834,1.05729800424039,0,0
0.748341104758935,-0.801678273691836,-1.49598709287221,0,0
0.359135356708317,-0.922659954094223,-0.752634543701143,0,0
-1.25035029240182,-1.31050806221294,1.89704301866722,0,0
-1.71905533223442,-1.8117410196124,-0.74773195625492,0,0
-0.119525835019571,1.25186619221573,-1.21935014143134,0,0
-1.2381053408746,0.341018339420352,-1.5838163559799,0,0
-0.775893553701051,0.33145407535661,-0.298513379341435,0,0
-0.608151951980146,0.820290556298045,1.76258903150748,0,0
-0.345578720192346,-1.6785376372563,-1.75027807686272,0,0
0.357196459769493,0.0405185493914405,-0.764317145008503,0,0
-0.903289639899009,-0.423937892660397,1.06049173867959,0,0
0.984496802769126,-0.257538657187932,-0.582556558031347,0,0
-1.2596664183969,0.204726889764961,-0.569236467893741,0,0
0.532851232802491,0.593617865377642,-1.66193425411984,0,0
0.319728891152077,1.17179035627527,-0.0839750904266523,0,0
1.32848324490338,1.38989102429849,-0.806705995136766,0,0
-1.45255438967089,-1.64382041063446,0.903519615981073,0,0
-1.22606139060743,1.44183787027949,-0.0600972890035983,0,0
-0.403119937170954,1.81821336216682,0.807636716680137,0,0
-0.314385743831799,1.70165944090846,-1.01627450816978,0,0
-0.425366740409403,-1.71694765997604,0.556086517138924,0,0
-1.82289414762222,-0.962872987319382,-1.84435345621221,0,0
-0.883389683604489,-0.0187007358599795,-2.08286628708585,0,0
1.37824170751001,-1.53631169673632,2.09136672348642,0,0
1.7706301030334,-1.163690476555,0.0615549303761792,0,0
-0.937589109180007,-1.09154432077142,1.36877011263872,0,0
-1.76105070365507,-1.11462077096005,-1.32350941754244,0,0
-0.888753959083843,-1.81566025567174,-1.79428519121477,0,0
0.0709212524525125,-1.00927843545041,-1.79645019713176,0,0
1.79950307937609,-1.50840567080831,-0.54526200793125,0,0
-1.44716389779097,-0.841770436697169,-2.03704252891431,0,0
0.9988759813079,0.798876991020064,0.367617847365906,0,0
-1.53600413542545,-0.885101379129807,0.428046412825062,0,0
-1.34231379475821,0.659597830824324,2.03711620209483,0,0
-0.045720425927402,-1.09607006921025,-1.31355750760948,0,0
0.696661350335871,-1.907762914319,-2.10843684694386,0,0
1.87083296472836,-1.52518694628762,-1.88530931646487,0,0
-1.39445013023749,-0.802256723182424,0.277506888391518,0,0
1.6305888224148,-0.188027686043799,1.94939554470184,0,0
0.23331298248258,0.787007551307464,0.233405722174849,0,0
0.300116278261874,-1.84656490437074,-1.93168192191549,0,0
1.51105860571769,1.81659559318536,1.89800650642083,0,0
-0.901019355754955,1.22240884413289,-0.353204195949347,0,0
1.79760904361887,1.64414058061166,-0.749787891811099,0,0
1.84720218367652,-0.715790764904657,1.47690927809503,0,0
0.498717096697306,-0.659126838328674,-1.51666950474408,0,0
-0.32896636375868,-1.38625208653743,0.879601124110915,0,0
1.09045717621069,1.82368334653323,-0.113806100849779,0,0
-1.16935237697421,-1.01671257753879,1.17119814984137,0,0
-0.872225621059982,-1.83547358944919,-1.19966981533421,0,0
-1.5460302951349,-1.72420461721705,-0.731431253411852,0,0
-1.03675761591471,1.72634745996825,-1.39170408423401,0,0
-0.814676454323642,-1.77655458440755,1.99724083335877,0,0
-1.08666716908229,1.23417587163503,0.882987330357743,0,0
1.7441260880771,0.802247359486496,-0.215902736935828,0,0
1.53299879024529,-0.407869283185446,-0.310763919922902,0,0
1.39744595594857,-0.397945691893212,0.587507078883028,0,0
-1.52005575777681,1.92074910589691,1.06993235466008,0,0
-1.08746445530641,0.293162638413466,0.137020844114355,0,0
-1.68479391676199,1.91292431215578,-1.13607527373892,0,0
1.65093312030897,0.322936984925829,2.05573566620217,0,0
-0.383406514586959,0.551411635361795,1.51780212261648,0,0
0.724926491231031,1.13966178244679,0.584447635269333,0,0
1.40252531625527,1.42916181318535,1.18221330674504,0,0
-1.66422371627796,-1.76542048179129,-0.300113205516578,0,0
-0.444773602730133,1.57942915444898,-2.14210772626357,0,0
0.382452748870192,-1.18971894742008,0.165944605160546,0,0
-0.93634568807793,-0.410647030219932,0.640083726313007,0,0
-0.576422419664081,0.00924649854101335,1.24841639794725,0,0
0.102600542866476,-0.477359394188008,-1.23062004284499,0,0
1.14712172096963,0.789485244386928,-0.0820002907878626,0,0
-0.968833817856186,0.944378489226132,-0.300747485930374,0,0
-1.41402502672112,-0.719384157615493,-0.408927741692647,0,0
-0.503538193287644,1.8819937545497,1.7892780978179,0,0
1.63976816688151,-0.974922470170343,0.2099638215699,0,0
1.89375164514654,1.34355523617662,0.146366093251361,0,0
0.360771136478234,-0.397974959953642,-1.67776439192498,0,0
0.819249878771638,1.63287058099264,1.00580064672584,0,0
1.7969725254596,0.452274618577941,0.49144826091884,0,0
1.52267432112395,0.451995465818781,-0.931717117995713,0,0
-0.528654936997441,1.57591093032089,-0.0368074643387293,5,0
0.0986445000645562,1.89314737802532,1.00077899953349,0,0
0.143910579992717,0.721799644652213,1.78387121749226,0,0
-0.64444551043578,-1.57128229402238,-0.820800896336448,0,0
-0.837151406841859,1.11989899562512,-1.34893767016409,0,0
0.954307437936798,0.0995351231494759,0.411972964448647,0,0
0.27096509759248,0.627832962436431,-1.3596763545312,0,0
-1.61679766583181,-0.598902138044773,0.92729821495252,0,0
-0.269413886412118,-0.783760312539756,-1.27946563967628,0,0
1.65572172953978,1.14248105726541,-1.00391062126849,0,0
-0.413904462323376,-0.674651805965842,-0.283616509071047,0,0
-0.310146406449484,-0.0112247439393645,-0.814601825766821,0,0
0.902677947555073,-1.40277926423541,-1.44474188534043,0,0
-1.8733649933592,0.631453136229963,-0.481945538307945,0,0
0.832257736942411,1.14331059480162,0.369139013711671,0,0
-1.14635352151801,1.6835962433585,-0.181732818578385,0,0
-1.82137270727748,-0.915639689439673,1.09582265178296,0,0
-0.586938448988637,0.0826410751812208,0.829372923669189,0,0
-1.7398956305416,1.43585325577449,0.705392574180285,0,0
1.83658845654952,-1.33510235067641,-0.401474229868424,0,0
0.867271863496322,0.585114250789902,1.95653505799502,0,0
-0.0961220697184928,1.30613166323142,-0.420477184939205,0,0
-1.6578794137583,1.8814193201688,-1.75196656642476,0,0
-1.61597180670659,-1.25002611938899,-0.305672173929915,0,0
1.3429247657664,0.853733902928747,1.58580472039619,0,0
-0.405782846539279,-1.49457353855578,-2.04792318949539,0,0
0.138704673570339,-0.295300397067572,0.398958688389284,0,0
-1.17910007642736,-0.813144538368195,1.29665214928394,0,0
-0.145165388874536,-0.591625112553858,-1.82830811335807,0,0
-1.65851540588925,-1.26660283593181,-1.25263624922695,0,0
-1.69451097905145,0.215332893698132,-1.10909363829526,0,0
-0.919783853386339,1.19535326788475,-1.20338027978174,0,0
-0.922563430342151,1.43603908574329,1.48115363712499,0,0
-1.75750773564916,-0.626437618887277,-0.235848176541082,0,0
1.12024859708811,0.0924079631558596,-1.35072527107066,0,0
1.91151865407748,-0.471997766693439,0.977275696804958,0,0
1.4102785687637,-0.217238180146928,1.5134909405916,0,0
0.440429478320168,0.980717142310632,-1.99127918587297,0,0
-1.47544938907409,-1.88489842834869,1.97887360932897,0,0
0.91376951206388,-1.744624288209,-0.527617472602332,0,0
1.20889730728545,-0.471475996757428,-0.619936194046956,0,0
-1.40354668546491,0.650506998461692,-0.237772159686834,0,0
1.40242404429418,0.146970034092198,-1.1521091259655,0,0
1.55434463451951,0.379187682725789,-1.84869724647378,0,0
-1.70207728517395,1.1512417018232,0.837094316632212,0,0
0.781302411166529,0.0487067247004113,-2.13899203313789,0,0
-0.545537970416741,0.397340260029504,-0.526579813561547,0,0
-1.21647536869904,1.488989672654,-0.0611410532311308,0,0
0.198654675997419,1.56382221781379,0.16368871385617,0,0
-0.139552505687974,1.75310675560689,-1.0546392627847,0,0
-0.435223719143401,1.39740058129535,-2.15539026712377,0,0
-0.567018787886353,1.25098848613569,1.41183268849777,0,0
-0.936620160614599,1.30304316075664,0.522554614585611,0,0
1.54843345609017,1.66086594197085,-1.35198130771148,0,0
0.6640051925937,0.906213767721579,-0.475745098095196,0,0
-0.223602532981918,1.63832010846184,2.12915814123882,0,0
0.400179137612051,1.15055418750233,0.700290311393214,0,0
1.39701362887082,-1.04808726320516,0.753886519948432,0,0
1.78839621399683,-1.82845575155941,-1.53274930125946,0,0
1.0401071637803,-0.429836885247768,1.58881648261274,0,0
-0.87659857405958,1.67754212849991,-0.759062238380546,0,0
-0.423668751150664,1.3710644997487,0.706257671347613,0,0
0.207720747264675,1.51750199839151,1.28891105289614,0,0
-0.0521033295376099,0.873294727269772,1.74304954582271,0,0
-1.2057537606055,1.77487596964886,-2.08605469378541,0,0
-1.13938004132497,-0.447882687638339,-0.492999302343465,0,0
-1.15313348705587,-0.0657258018126004,-1.67689247691107,0,0
-0.701933540993576,1.06867369249857,-0.626449444349491,0,0
-0.379718682459513,1.05861627333986,-0.0124551691379383,0,0
-1.5686472150767,-0.846506846564814,-0.55544151550087,0,0
0.98458260028813,-1.87381644278676,-1.0214353325641,0,0
-0.601511174063097,-1.17857665675349,-0.362008694189902,0,0
1.63516496137449,0.0629500585592907,0.0689114060727281,0,0
-0.51801542828452,-0.529016703411103,-0.444234087265395,0,0
-0.53566591309024,-1.67685380188463,-1.59033613764786,0,0
-0.304695174240602,0.792895227507516,0.44140109530913,0,0
-1.06617446655958,1.64190366273985,0.42333941406094,0,0
1.90169482132567,-0.166719174135681,-0.998149007423453,0,0
0.414308500526769,1.4211640604519,0.275629489308728,0,0
0.243122143118298,1.01789976670785,-1.54291074634407,0,0
1.52215407293145,-0.460788992707512,-0.516034861316682,0,0
-1.61291742866781,0.459496937857215,-0.687710913782652,0,0
1.09606113108518,1.17799027590559,-1.34110691428529,0,0
1.25449100277818,-0.413240957121256,1.22950108991327,0,0
-0.0233667441871253,-1.44191969844884,0.786241622701821,0,0
-0.407456598645365,-0.880037801228527,-0.293495755032878,0,0
-1.67298947143276,0.114148964688846,-0.757696629277668,0,0
1.62350173604816,0.383852290462575,-0.991022273416876,0,0
-0.909918843422212,1.54540863374767,-0.883806450897258,0,0
0.105157258278225,-0.640107429770526,0.112265560022422,0,0
1.25233490928362,-0.344295206862734,-1.38814498914053,0,0
1.71976762656674,-1.7441776385029,0.719890944101736,0,0
1.34336417740044,-0.0454928347896887,-1.65578233045248,0,0
-0.00252826838205103,1.00344404257833,0.93809398397986,0,0
-1.4529548539567,-0.190017190685221,-0.744129145959241,0,0
-0.761091234097338,-0.0927873966198371,-0.657415901068348,0,0
0.287781227118844,0.937474558748377,-0.756921913371877,0,0
1.83435678766512,-0.779347415049186,0.308878048839246,0,0
-0.901590718135548,-1.28742603502691,1.75715115655278,0,0
-1.55121869296196,0.0459156651277317,1.12051197940955,0,0
1.84188765152362,-1.17541931079379,-1.65662729396714,0,0
0.649451787104255,-0.66952598702199,-0.491821689665915,0,0
0.359946589767067,-1.8118927060956,1.91550447373888,0,0
-1.25262979798146,1.48051218319262,1.83207304156418,0,0
-1.50011001842281,0.60744486128217,-1.22070996118535,0,0
0.729594493861055,-0.778424358574334,-0.119188201061617,0,0
0.671645186071786,0.693375821931267,-0.143304779972505,0,0
-0.677506802957497,-0.330950795029325,-0.600836014560533,0,0
-0.608050316935545,0.672476823841968,-0.525834843105494,0,0
-0.514516834396964,-1.73373833506342,-0.613450248536683,0,0
-0.536111479432559,0.0132870919977691,-1.31108370740039,0,0
-0.869650142200888,1.14800871834951,-1.15085748473521,0,0
1.21379100351091,1.6225651245783,-2.05269224736638,0,0
1.4492176687979,-1.84612421483542,0.371092371805031,0,0
-1.33257575509756,-1.29023814450322,-0.474663072942727,0,0
-1.23980408818086,0.63777370712389,-0.943618397556475,0,0
-1.04707497125596,1.54909820753986,-1.98220422107711,0,0
1.90278842354465,1.69779598668319,0.916149675257242,0,0
0.625751659758697,-0.169747318591379,0.569097024402024,0,0
1.24751767755981,-1.77243681526936,0.894322465453898,0,0
1.06369227778227,0.661831992584716,-0.223376236641384,0,0
-1.7394214470197,-1.24643470823195,-1.16911115391119,0,0
-1.71393007905761,-1.82381828435845,0.828432013262621,0,0
-1.66421277418077,0.526831258829169,-1.5034513310368,0,0
0.31354545233877,-1.80468364917705,1.65250627767382,0,0
-0.0413898784250739,-1.47852797239838,-1.73356654080881,0,0
-1.41155400256003,1.80063795345981,0.74175212672339,0,0
-0.366349015998782,1.81531596194417,0.0941569859594957,0,0
-0.887355572168519,0.460335094969965,-1.99896924609844,0,0
0.597235522775288,-1.51814110754654,0.0863421950782442,0,0
1.56521904232321,0.783692128079881,1.10321143607513,0,0
0.936938776780471,1.56556613842158,1.65997624242462,0,0
1.32332880689691,0.961085623392297,1.65867516547972,0,0
-1.7098695346225,-0.629034844728988,1.65107201128679,0,0
-0.268220913549844,0.512151347250325,-0.309849995433811,0,0
1.44588655027887,1.07054307958218,0.00179004356134927,0,0
-1.21113879826265,-1.62414622444733,0.485345456115899,0,0
-0.551623693716217,0.621166538332419,-0.0513570030339325,0,0
0.487046071274493,-0.379735738936604,-0.0346793395805449,0,0
-0.274203026099082,1.13234442978169,-1.80671279435951,0,0
1.70979707973863,0.527821220114085,-1.54696068994867,0,0
1.90722335755613,-1.8684642997458,-0.140607338198684,0,0
1.23149129186182,1.66376443879924,1.9627219738677,0,0
1.54872893964967,-1.40583230583799,-2.19671051520955,0,0
0.616356203558933,-1.61524593599846,-1.02070020268513,0,0
-0.342907348321528,-1.06762435177959,-1.66061715953775,0,0
0.138362129074514,-1.90047717163356,0.338408259110504,0,0
0.0330469506025352,1.29111778320366,1.49520083668152,0,0
1.3750348051732,-1.4818937281871,1.5272632862807,0,0
-0.911920772543957,-0.702064122109795,-0.0698182526085116,0,0
1.24229663144063,-1.57229334808985,-0.81212783524516,0,0
-0.492277213127459,1.88305558274002,-1.20307831042233,0,0
1.12974562722818,1.41269885625911,-0.282082329597172,0,0
1.5824101644988,0.0268449925321896,1.93420856417712,0,0
-0.971575793529465,-0.853181103827607,0.825009979662229,0,0
0.87260718527967,-0.785353246411932,1.94776152097759,0,0
-1.86453043476481,-1.71833248873327,1.01747782412496,0,0
1.02735188686725,1.87420796056067,-1.17650460895973,0,0
-0.792842995979916,0.332543887976521,0.0129479875320171,0,0
-0.583493300993767,0.023369813372373,1.36986749844509,0,0
1.45973207398793,0.224862420357524,0.330710451746223,0,0
-0.263399847309938,-0.012521693705263,-0.961771900570386,0,0
1.22733834001668,0.3344819807851,-1.13434592670012,0,0
-0.882681506929446,1.36193243063125,1.02342436408668,0,0
0.343816227578618,-1.70820497347758,-0.016428935074979,0,0
-1.79861939900017,1.20462231327667,0.395502786237575,0,0
-0.371579312777342,-0.557095512254142,1.50126035246094,0,0
-0.840550404265888,-0.986329351182805,-1.1136881248755,0,0
-1.10683179111643,-0.104777790485481,-1.07374002333184,0,0
-1.08130901731629,0.346410184697957,-0.77189960270947,0,0
-1.43353430958663,-0.987820392865549,-0.295931381374911,0,0
-0.843590622047773,-1.19830921849359,1.3040517834172,0,0
-1.53990627095295,0.801594704820533,-1.99700386794415,0,0
0.155317762370012,1.77975251970835,1.10144457215256,0,0
-0.850397216661603,-0.157379346583964,1.52197666932696,0,0
-0.328679712869741,-0.964059106008155,-1.38797356408099,0,0
0.718374035591736,-1.15647958770275,-1.33867958982297,0,0
1.53215289068145,1.28499817762726,-1.85311667990804,0,0
-0.727193282929899,0.861102281516358,-2.16766400559274,0,0
-1.65398642439297,-0.196875970565716,-1.45852288114074,0,0
1.00894008235858,-1.59580269935859,-0.702445293561268,0,0
-1.620803201344,-1.05957259075745,1.2615535035613,0,0
0.448850560955541,-1.19757856067415,-0.33106319108744,0,0
-1.35975307034383,-0.0290902431810623,1.2419018974531,0,0
-0.966285329385435,-0.460269006352379,1.73803087175812,0,0
-0.020549186039449,0.850499039168516,-0.0346485990390187,0,0
0.174173576389753,0.148418039929844,1.00464509410957,0,0
1.86881985794792,-0.303366692221151,-1.61165000966321,0,0
0.415327635203398,-0.806513486641571,1.63830100733127,0,0
1.60062693471496,0.352761298159981,-1.96657319678582,0,0
-0.979965293212877,-1.77521180710474,-1.14754026780723,0,0
-0.537123577373649,-0.343286347831372,0.562474618705403,0,0
1.78500700565846,-0.150927074435847,1.59782181831558,0,0
1.44142628366522,1.54641960844351,0.625308411110469,0,0
1.533217603851,1.94622826669505,0.183081041358645,0,0
-0.391396166340959,-1.92559462040505,-2.19614411058361,0,0
0.483695364842876,1.12597884878741,-2.14528525882682,0,0
0.686479201094791,1.00682582322543,1.06756444112546,0,0
-0.593353403131521,-0.308102640456098,-0.255679702938003,0,0
1.66718291394743,1.41966249609814,1.78456616712378,0,0
-0.033494496433837,-0.790229607621684,1.85727999609768,0,0
-0.02661851479009,0.356470846233366,-1.73964322015004,0,0
1.47823720335666,1.60280670593322,-0.593805600984892,0,0
-0.0476121211243444,0.0010082889987523,-1.48946890051667,0,0
-0.136414025110284,0.913224942956034,-1.15278055984705,0,0
-1.77251421976731,1.67560641319096,1.14267496334866,0,0
0.328704742366062,0.517940753161755,1.510527770843,0,0
0.00369333316487478,0.106272971684866,-1.88992953775867,0,0
1.09781078358513,-0.797641819419962,0.111526247316118,0,0
0.113762618192943,-1.91873514077697,0.730863254357384,0,0
-0.760440665491803,1.86746924258662,0.00628020139820784,0,0
-1.40247813955041,1.09044962849651,0.573655328311082,0,0
-1.79691159143198,0.552633497741214,0.318266966612613,0,0
0.0304092463143675,1.5759489602794,-1.84718112037421,0,0
-0.00927152794817736,-0.766170744663827,1.53219676611359,0,0
-1.16138822785173,1.21682447794932,1.04016229993584,0,0
1.50392809102097,-1.37584179753409,-0.0966759621755996,0,0
0.970316372601499,0.783775557698354,0.538055515694207,0,0
-0.238610578359158,1.38294181732364,-0.265688197454548,0,0
0.0310374852840316,0.729245623148931,-0.59632881565027,0,0
0.961776239311014,0.852576171001618,1.47288856467901,0,0
-0.24965865609029,0.602485879679643,-1.38118487378881,0,0
-0.767890613976151,1.85362960743427,-1.39999216425492,0,0
0.592103532185439,0.855685603866418,0.310645392592447,0,0
-1.19557796355471,1.48246766568668,0.499528544921061,0,0
-1.23022814493937,1.63436520808349,-2.14285050812507,0,0
0.666334670862303,-1.61909103256929,1.63811933879889,0,0
-0.521072101719538,-1.46650505441084,2.09280464124281,0,0
-0.546417630548031,1.13266787555958,-0.787306925710277,0,0
0.493377214230844,0.0222003426548831,0.679457114264916,0,0
1.16546077062743,-1.21154502439246,-1.61646720649135,0,0
-0.968780729733593,0.706455481026272,-1.7087298009124,0,0
1.2776563771878,0.267012829309641,-0.808170913995147,0,0
0.655781781476917,1.22233816597729,-0.124380993918457,0,0
-0.582395176171163,-0.685012767782022,-0.0843986948256865,0,0
-0.993505972006862,-1.56616614473261,1.57961801811899,0,0
0.176315568960579,-0.104752792071346,1.7558543656899,0,0
0.0642118535231956,-0.908496431602277,-1.67378702523363,0,0
1.24609463107516,0.466913853564959,1.35319461203967,0,0
0.837448090107013,-1.9129022510725,-0.13272213369121,0,0
1.65074180629408,1.2423801457001,-1.83856652168468,0,0
-1.51260440389361,0.426490635140762,1.25241894663587,0,0
-0.563109487215725,0.760432268300997,-1.51327714876927,0,0
0.872604749963444,-0.452486354385111,0.273564162637071,0,0
-0.681868551731315,-0.492054381814937,-0.765927973882163,0,0
1.37024729316304,-0.953803141910466,0.398931162915426,0,0
-0.448334172316152,-0.840417501650376,0.128244060647926,0,0
-0.32145122495845,-0.189790692335454,-0.0649804271125686,0,0
1.49503439674962,0.722186202735969,-1.34942492399471,0,0
-1.0738635932067,1.55385631505662,-1.13864719931145,0,0
-1.01957046906077,1.7946483421914,1.67753881782322,0,0
-0.746910108757624,1.66474058577129,1.5027119180581,0,0
0.798317505143006,-0.532545076160005,1.35111271602683,0,0
-0.358057286734511,0.304264864653327,-1.83746914093981,0,0
-1.50758389676718,-0.980662412959291,1.7878062102801,0,0
-1.84432802724967,-1.3673593012738,1.20424903130072,0,0
-0.601899258086782,1.2414082245831,2.01758677260724,0,0
1.74052824044143,1.24062939092129,-2.16062631661051,0,0
-0.566352208183593,-1.08799300870917,-2.05182550116088,0,0
1.80911412482288,-1.37215294538511,0.265175024616995,0,0
0.114408781090032,0.852483749581031,0.581546740247694,0,0
-1.82855804315638,0.545998139875591,0.658586448843288,0,0
0.981947150660003,0.53821882425373,0.466255350035763,0,0
-1.54225681603527,1.45910152912005,0.815054142001764,0,0
1.7037085704374,-1.11785838718244,1.99501890576199,0,0
-0.941393940097948,0.926163835097011,-0.412266751434467,0,0
1.13197039221247,-1.38789629813177,-1.157872036568,0,0
1.12210305231489,-0.483520333224894,1.81484970844425,0,0
-1.49087677907966,-0.635649926336294,-0.381359015254099,0,0
0.860546572136098,0.104972090742496,-0.213746795161126,0,0
1.67355119857572,-0.254034378746438,0.36521104527979,0,0
-1.67786743905768,1.65573550122612,-0.69830773126429,0,0
1.12724326630346,1.69501650533298,-0.712966252250126,0,0
-0.611212479413789,0.477903459672911,1.65807924823325,0,0
0.121529748461581,0.210750103514646,0.896457516374862,0,0
1.32016638671793,-1.67006333452023,0.588872124134303,0,0
1.58507512573174,-0.31533805149271,1.51454843161938,0,0
0.284964424361983,1.90309936246542,-1.79476122166528,0,0
0.517515497472837,-0.489899803342081,2.02394556097646,0,0
-0.209242332198319,1.45222474282739,1.33955957990658,0,0
1.31420154631694,-1.14191980554185,-0.469750214691541,0,0
-0.812505020107995,0.312548252162375,-0.372508796443253,0,0
1.7463714664635,-0.246148359372205,1.82312579776097,0,0
1.21163040778083,-0.915615282207333,2.0307207491992,0,0
-0.22506751561198,0.883314314442889,-0.895153306413271,0,0
-1.82674108117265,0.496905523249141,-1.91664108929676,0,0
1.84141016128506,1.83826571950215,1.33596617489859,0,0
-0.210476667356949,-1.23641048283623,1.02965522191697,0,0
-1.26749278264072,0.568107845437203,1.79422702232567,0,0
-1.38426264189767,-0.63669342697866,-1.52355062620713,0,0
-1.63544605112781,1.01429724625958,2.03517135947667,0,0
-1.79565458923549,-0.538287274198022,1.07420784902892,0,0
-0.884093923037372,-1.82968503016848,-1.08701603991273,0,0
0.358648974466046,-1.11821562976525,-1.18566215321407,0,0
-1.0808880113595,-0.271752337076043,-2.07691126404256,0,0
-0.169938597136196,-0.823590690575786,-0.0361278541027902,0,0
-0.61238266745745,0.399853500651332,-1.01920040094992,0,0
-1.79642621165442,1.38157286562934,-0.163379042966093,0,0
-0.343620724175322,1.85339222604804,-0.382327537180101,0,0
-0.39529882789677,0.134050816079933,-1.85304117643287,0,0
-1.56750429460465,-0.586000691979055,1.47749518672247,0,0
0.643532461435176,-1.82338902160088,1.76162877400605,0,0
-0.911043700932423,0.0659428543578571,1.52026767358551,0,0
0.935880349383494,-1.00472665767858,0.243991880127978,0,0
1.90768827359283,1.08499156538398,0.424398134022016,0,0
0.463928336963678,0.566883637489274,-1.37540764115314,0,0
0.929471026577295,0.18241587220514,-2.042932654359,0,0
1.02763041796911,0.696547296041088,-2.04536863804325,0,0
-0.335917694086467,1.52119252281862,-0.14883840340813,0,0
0.313917842299124,-1.66543547402344,-1.60309615105248,0,0
1.86464274865139,0.56005316226184,-1.25986388027685,0,0
0.568857909235536,0.102663494815014,-0.523399138816291,0,0
1.34926090776279,1.4428768284926,-1.7209854181829,0,0
-0.148090084995914,-0.93569974947237,-1.09108138972478,0,0
1.43896894243904,-1.36776370793878,-0.622120689793234,0,0
-1.3077539529787,-0.508124081509402,1.40689590856395,0,0
0.00751041062393972,0.79805845329697,-1.78375625154559,0,0
0.402848685209623,-1.16586384603315,1.36840568127668,0,0
0.187694417540544,1.46165379047729,-1.93587545736631,0,0
1.24787056727896,0.976986173020361,0.520029815669319,0,0
1.41429257297737,1.21358281651076,-0.344945335994003,0,0
1.88178794961864,-0.991544764275049,0.028674558856353,0,0
-1.17879205408879,0.131603428365994,1.41141777368969,0,0
-0.625083842270792,-0.577736433032802,0.684740527286306,0,0
-0.430724836384529,1.36690382613915,0.462073352790641,0,0
0.0414422118013539,0.259170331133462,-1.8177103665842,0,0
0.37016949557494,1.42756359425741,-0.331718239866566,0,0
-1.81457810061847,1.92500337964137,-0.382667500217012,0,0
-0.327371705410205,0.0457862428428678,1.37099970537793,0,0
-1.06362949025761,-0.106150417907337,1.0114265585979,0,0
0.362002463357147,-1.49318009660823,0.511609893578778,0,0
1.54983514706544,-1.6494000382405,1.46787982938468,0,0
1.69522520126865,1.95032058399726,1.59249804080798,0,0
-0.358192556595689,0.981740683268883,2.1309723130195,0,0
1.7882208172088,1.2966230021875,0.232364725577986,0,0
0.842438206258079,1.24724980320024,-2.08298948511807,0,0
-1.15026947724371,0.386388283372645,1.34979216646175,0,0
0.965955018791694,1.32883897968985,-1.68405420514757,0,0
0.124150696888542,0.494312789659217,-1.14637594664054,0,0
-1.22716192683589,-1.04857032715533,-2.12910910442537,0,0
-0.816259829630649,-1.16175156083596,1.18005253730733,0,0
0.0471419011706221,-0.875139259753659,-1.00556458833283,0,0
0.161841188154321,0.215828973683279,2.05063847200572,0,0
0.373294888320445,-1.13050516709297,1.03337079544715,0,0
-0.232085578032212,-0.162446401327559,0.409865738642608,0,0
-0.441791064748888,-1.61347575524132,0.423031276752124,0,0
1.20419401205267,0.711118425608101,-0.0832961240140876,0,0
0.333619845463943,0.677267757457736,-1.50665931462352,0,0
0.232213468201373,1.67046670786115,-0.901374163722936,0,0
-0.902311296326385,0.379380881483719,2.14819979758543,0,0
0.771160789129732,0.82626948067827,-1.56071010398541,0,0
-1.40497247367284,-0.948903915285092,0.650966223207925,0,0
0.60716162729619,-1.60729638465227,1.87965271967323,0,0
0.78839244028074,1.6201397884927,2.1078792796502,0,0
-1.66311316160134,1.15612911849744,-1.06965825197454,0,0
1.61472142567246,-0.474951322800375,2.05173316003019,0,0
0.86783208895442,1.8818850108552,-0.587841996666844,0,0
0.297703995699301,-1.30077686592685,2.07418764816198,0,0
0.263013931804981,0.586480512971971,-1.07966069596859,0,0
-0.0814617928117757,-1.52925873461954,-1.35932774340767,0,0
-0.742046941656369,1.76177346155995,-0.580112772544034,0,0
-0.416829595916105,-1.41504677365504,-1.11941156890268,0,0
-1.66573013116437,-1.0335085769116,-2.02720505150005,0,0
1.62611106137495,0.506869780185389,1.2789575941428,0,0
-1.10001760540053,-0.491665899653395,0.941713374752032,0,0
1.40934981442843,-1.47414955412628,-0.801797288331584,0,0
-1.29572263447541,0.261495669000938,-1.02005571827823,0,0
1.62070357718675,1.70216049119981,1.88692658250537,0,0
1.49577532709955,1.41291994821487,-1.5902183746592,0,0
0.911350036019959,0.620659410181323,-1.53348768467354,0,0
1.06244812608532,0.27946326752816,-1.94699178058534,0,0
0.434143177062883,1.38475376762908,0.626309586826705,0,0
1.10550377485772,-1.22311945344165,1.83138601622412,0,0
0.751362038378587,1.52672223023107,1.13352929338392,0,0
0.305379648405926,-1.72635480926695,-1.01806971955454,0,0
0.418627040591747,-1.45313933722488,-2.19678950606132,0,0
-0.36535661400976,0.0695932331619782,-0.581367753355011,0,0
-1.44055645448243,-0.716350472655104,-0.540475792572253,0,0
-1.01373975613626,1.66404298030562,-0.441618941505797,0,0
1.86561403866265,-0.531218299995314,-1.96402731265401,0,0
-0.380759500306251,1.61362177382712,0.571520330029765,0,0
-1.39886777261819,-0.354462846758109,-1.17094738575315,0,0
1.71329226152676,1.39646872004349,-0.672843420484474,0,0
1.27697142103158,0.962295216924838,-0.478875230680958,0,0
0.613983155269119,1.34997098551488,0.832129269207963,0,0
-1.46643277332318,1.36551989510242,-1.32084330142007,0,0
-0.254330320550349,0.786347700280394,-1.46013882922007,0,0
-1.17181939127643,0.856876781356198,-0.667111053024833,0,0
-0.260110191156619,-0.640190471654026,1.17472335917441,0,0
-0.968378928237783,0.230814774400416,0.359713381809148,0,0
-0.0314123471100303,0.167506796484547,-1.4132410471224,0,0
-1.43873622120483,-0.035754462213473,2.1330988919942,0,0
1.56900151172478,-0.599620166651893,1.42020762899768,0,0
-0.0826558230440768,-1.47284678377419,-0.667543947309255,0,0
-0.526118788052615,1.36539055857541,-0.334390121042582,0,0
-1.1255127591724,-0.122021317213902,-0.238487985999884,0,0
-1.03227769762747,-0.117138717576507,-1.31528063810844,0,0
0.260658235364671,1.97024956862563,-1.01207388863725,0,0
0.341952703234211,0.134712712523028,0.706192658346709,0,0
1.84234108349456,1.95968195045483,0.243201787371467,0,0
0.598243342529945,0.327794585236771,-2.12583304056601,0,0
1.04910408712142,0.764946754179244,-0.0112436656384512,0,0
1.2768112206168,0.987064294489703,0.607310816607857,0,0
-1.70560105934571,1.85263950017854,1.70351813162601,0,0
-1.02698967588422,-0.171808556027523,1.39872491430239,0,0
0.721832792133678,0.687788700548592,-0.444889193745672,0,0
0.673803176456295,-1.84809442031066,-0.742077195831719,0,0
0.136826435488078,0.751315057187725,0.118018904381379,0,0
-0.163308669217113,-0.0770796634886356,0.584679275023499,0,0
1.82630425250388,-1.48263915095433,0.0872449417407626,0,0
-0.967642100731515,0.580923010891996,-0.482023331607751,0,0
0.758720237431074,0.813989395873047,0.0238160216839314,0,0
-1.35262851553008,1.01395020065041,1.97444925105082,0,0
-0.364249378447762,0.601105721076126,1.80131171547574,0,0
-1.58694277087227,-1.85861893877413,-2.13616412399907,0,0
-1.48489422463122,0.396768746889512,-0.730143736237547,0,0
0.0177570612078024,1.04735413151219,1.37888880117008,0,0
0.0945818745410334,-1.66556283903215,1.90816255796622,0,0
-0.963232072477689,1.7171060970288,-1.75726051344935,0,0
1.48023783246233,0.55648307926529,-1.58791826605137,0,0
-0.41385222080526,0.561829399895425,-2.17077622753862,0,0
-1.1720074499377,-1.42238111549821,1.64449630201853,0,0
-0.69934726349955,1.32379011017267,0.538166163219825,0,0
1.85157281471279,0.352672551554625,-1.41323364011669,0,0
1.30756013256096,-0.747643608989546,1.78935320345881,0,0
1.74073607475602,0.187724588016757,-1.56428563884556,0,0
1.24213099274333,1.29572493682825,1.94574415712272,0,0
-0.955714901295371,-1.02582139533028,-0.412509735032553,0,0
-0.409674660753833,1.82646490158131,-1.65045787976477,0,0
1.85580605317771,-1.08203898968669,-1.26449151869937,0,0
-0.687839555696285,1.09981542243132,-0.724986953960735,0,0
-1.31880445539923,-1.59257201857448,-1.70798448728634,0,0
-0.383837358335729,-0.533117118444196,-1.22023716807313,0,0
1.5165908294597,1.40024706689825,0.852235941014966,0,0
1.41448591760321,-0.334513622364126,1.55182573008749,0,0
0.487695988100848,-1.49208278838704,-1.60774263649321,0,0
0.112512861726399,1.27150927019786,-1.92214293255783,0,0
-0.875606160558155,-0.338092665231675,0.155127516063884,0,0
0.411755841023499,-0.315752906930986,-0.611108910937673,0,0
-1.14170905732628,0.740766310306162,1.98647308178352,0,0
1.72984792556982,-0.563957666797382,0.734752519488834,0,0
1.28364221532808,1.07731186206991,-0.320484373328161,0,0
1.19385831479517,-1.42437913297501,1.55730188115164,0,0
1.28690780258696,-1.46763844844177,-1.81260191863861,0,0
1.50015021241188,-1.63679439472986,-2.00717441462618,0,0
-1.22983544355612,1.6204618648819,-2.04283119042718,0,0
1.76302297392639,1.01938488106325,-1.60174471011304,0,0
1.1201040402592,-1.39571199150499,-1.28939452178829,0,0
-0.443363807908036,0.107730659949037,0.42239522784865,0,0
1.12280342623675,-1.27220273067298,-2.0840712440354,0,0
-0.13117256926999,0.155193514267057,1.5650809307249,0,0
-1.04009549487159,-1.91380733124167,0.300481620228066,0,0
0.276144855803145,-0.15448043191412,0.436194310429206,0,0
-1.81949607030494,0.88744151329563,-1.87020446998623,0,0
0.693113959795698,1.08285392226245,1.89416804867171,0,0
-0.201585668759272,-1.03203321705581,-1.97473647933909,0,0
-0.706723450240469,1.21182640901219,0.499211421417127,0,0
-0.547913882638437,-0.334602327002873,-0.590464331787456,0,0
0.365030101623763,-1.490202960741,0.198352146113019,0,0
-0.740277235434261,-1.08066176053493,-0.261045855361413,0,0
-0.968050980584633,-0.136500086485607,1.78731201712679,0,0
1.65385209830785,0.445592000836802,0.625498625487076,0,0
0.54901897310995,-0.956394039005092,-1.86670769416096,0,0
0.0776804788373875,1.62358061798314,1.21704124599706,0,0
-1.22481339376756,0.771182042537684,1.72247507357154,0,0
0.696268293839236,-0.586863911368171,-1.61111942530473,0,0
-0.325809102907823,1.57341773970262,-1.74010175399174,0,0
0.099510129232105,0.550746772061916,-1.426131174599,0,0
1.61336174611602,1.59833997258199,-2.08295050141029,0,0
1.66065711218005,-1.01328189849379,-0.220546234064294,0,0
-0.488570953183522,-1.59035684761693,1.3736224332713,0,0
0.976323224421318,-1.07602683596308,-1.08873411295637,0,0
-0.954764294646209,-0.020422572908314,-1.00754433103693,0,0
0.878699159814507,1.18912730888593,1.20233921733071,0,0
0.86366919836237,-1.40484833939192,1.13597549118428,0,0
-1.60946140853574,1.78478441281992,-0.398744265903486,0,0
-1.87291822087117,1.38836757435818,1.49432783040723,0,0
0.549005763954739,-0.0996126314950651,1.36138662268027,0,0
0.178093048712081,0.647710755100497,0.989345558884327,0,0
1.14965975440643,0.550579129144164,0.0316638874725919,0,0
0.335120360686099,-0.776843216406938,-1.1557057885578,0,0
-0.0774161197458961,0.121864353305238,2.008601166649,0,0
1.88911609332662,1.66638621875642,0.748586544671966,0,0
1.87892686395709,1.90116548456408,1.96708493812068,0,0
-0.784859961201495,-1.52824440624426,-1.52529980118372,0,0
0.829735845667128,-0.405146807087186,-0.157331777039904,0,0
-1.07479076591478,1.28742994190257,-0.0830304071746186,0,0
-1.27851639119998,0.805072502331817,-0.214232483974551,0,0
1.88297140260839,-0.973373595763596,-1.69983130952069,0,0
1.22519263602392,1.44258962818003,0.535961989356291,0,0
0.568579516282528,1.82485418663941,-0.622449927502076,0,0
0.253070201793588,-0.444347326536739,-1.9225912290005,0,0
0.0147096145217876,1.28762589312265,-0.375162641454078,0,0
-0.426761739135679,-1.63598804465737,1.150209411667,0,0
0.76795958277618,-1.35636035120915,0.0612019248544325,0,0
-0.6332571531766,0.0140231863176987,-0.906357235164766,0,0
0.459821756196196,0.651546267775101,-0.197601890488558,0,0
-1.44856362811528,1.0288192703326,-2.10593468510037,0,0
0.39136533056862,0.206033047552241,1.4811709009046,0,0
1.08719176429458,0.554196956456868,-1.0571009670103,0,0
0.148984490504494,-0.860188650775029,-1.77970682421445,0,0
0.158492015529141,1.30163859400847,-1.44096039482463,0,0
-0.0376585099280595,0.643317538124861,0.14149712229353,0,0
-0.126240152402095,-1.13571981475076,0.054319290001538,0,0
1.15813512776782,1.18129450590873,1.60961048446237,0,0
-1.52010074028144,0.557320236477967,-2.1203698226582,0,0
1.76307036163788,0.402415092280507,0.90163587078392,0,0
-1.06750707602641,0.0559445971698673,0.987182747635696,0,0
-0.317030787720288,1.00801875054033,-1.10021567130436,0,0
0.728139834315085,-0.661279511882413,2.12971346218217,0,0
0.189467474757779,0.00886670529214729,1.69369163565194,0,0
-1.22909913056576,1.93277875678822,1.60316924823379,0,0
0.802546814335886,-1.59173515330343,-1.42002484091511,0,0
0.751215783912874,-1.12849170407946,0.764459307431231,0,0
0.140722239193396,1.4854698656549,2.13226471859486,0,0
1.51804063962689,0.170131827029282,0.31907147048478,0,0
-0.652989498610458,0.141250444196244,-1.68693724925508,0,0
1.27211392600321,-0.215066652637986,1.99921135602624,0,0
1.08159157840404,0.0900814347139355,1.81192541712414,0,0
-1.52834590718503,0.760304766444649,0.0980236504609819,0,0
1.744798355793,-1.88517593619925,1.28900902438985,0,0
0.215735063015845,-1.77969545026241,1.195290451752,0,0
1.23434872277789,-1.29853486918304,1.07972457311327,0,0
0.0386554847571015,1.09202515991076,-2.06899520055436,0,0
0.819715803472039,0.417476685605617,-1.94357564768691,0,0
1.23029578361396,-0.640727472732111,-0.842690592437641,0,0
-1.46240189723869,-1.36709991478743,-1.59947643431941,0,0
0.591168918922112,0.208361940721344,-1.87110240417026,0,0
-0.248136960701521,-1.00304095479282,-1.45239807701458,0,0
-1.51542042026472,1.18998900744164,0.798827337124626,0,0
-1.56265474402059,-1.0093101448727,0.892991275594029,0,0
-0.480176620061578,-0.372928853504954,-2.09223524431001,0,0
0.117143957360407,-1.64705748311556,-0.0507850904787798,0,0
1.43154377307591,-1.03453812821809,1.46013786849191,0,0
-1.43653168971331,0.581053896534265,0.271664275289717,0,0
1.25988322771769,1.5853954870219,0.316337618272074,0,0
1.50017814681735,1.20246195800887,1.26739963947025,0,0
1.79763356238263,-1.17893531981478,-0.718916833317054,0,0
0.657984159263319,0.858993595354958,0.204957742553144,0,0
-1.2567884794615,1.15066871164104,1.59427805451928,0,0
-0.645993687895976,-0.0637243056688465,1.39400240000233,0,0
-0.922730841949668,-0.576286634491103,1.58589266707405,0,0
1.59332981339343,-1.36564104689662,0.77786394595257,0,0
-0.531395909320435,1.57809805298662,-0.995418081772658,0,0
-0.456850450134454,-0.567608154167295,0.928845125122552,0,0
1.31762651749548,-0.742373319082273,-2.14460539551566,0,0
-1.36754733003523,-1.50485927796247,1.85554508039162,0,0
0.178331199614198,0.321406859557762,0.865972049368638,0,0
0.0815974901619727,0.334497220138033,-0.976629444975288,0,0
1.66274559686833,-1.12205911335859,-1.96648481583087,0,0
1.05623886937774,-0.13566244939388,-1.22923127432205,0,0
0.831003876746633,-1.66340715756733,0.00272053739162338,0,0
-1.58001356030037,0.566839909195128,-1.5388308032022,0,0
0.23903295405095,1.22607292321017,-0.500128348445304,0,0
-1.10076421579347,-0.184997651266066,-1.61185497933779,0,0
1.79737080770207,1.35243152063753,0.558444801667354,0,0
1.41897940104461,0.26481212770898,0.69058465681486,0,0
0.776358121467855,0.791510107720975,-1.39674807695649,0,0
-0.794257352370697,-0.858077496794563,-0.373976276422919,0,0
0.995371642730759,1.77992321706538,1.63520808591441,0,0
1.71902573183158,-1.91082988974805,-1.23334603555349,0,0
0.0661065242337817,-0.74581149829013,1.31031832687892,0,0
1.23985135698496,-0.393306962957029,-0.296109803458296,0,0
-0.225692445208285,0.201372655635013,0.283965268948199,0,0
0.45172113106683,0.715922236586576,-1.49129614818811,0,0
-0.982626366795552,-1.83083703730276,0.291580360193381,0,0
-0.51498384037777,-0.528227771305946,0.6348582422108,0,0
-1.49797243421714,-1.36149311015286,-1.24865916901676,0,0
-1.0946952660666,0.33657742465676,0.460135344215876,0,0
-0.311756495847139,-1.83002039263866,-1.90076840043546,0,0
0.221637140447055,1.02320128889531,0.010279980431557,0,0
0.0650580532951069,0.0579730979141243,1.2119633168991,0,0
0.346727054795481,1.16085471922635,0.763712282004345,0,0
1.79678814014077,1.75808013814249,-1.56511985172463,0,0
0.738449315172015,-1.74959137666559,-0.27181041717651,0,0
1.47153819215801,-0.300961635130818,1.91574389302549,0,0
0.780772429679252,0.756020762094744,-1.7274716208176,0,0
-0.505821342985929,-0.0242827966170134,0.538482636826579,0,0
1.4142040275361,0.591626595401693,-1.65985518141422,0,0
1.25896595213475,-0.0414773318911437,1.54432880067753,0,0
0.762661901240425,-1.05661202896378,0.0669793083229365,0,0
-1.34988492103569,-1.02386863063031,-1.88565619149235,0,0
-1.46318986727128,-1.01787933319915,-0.058753717691382,0,0
0.204967606330676,0.473975139667382,0.264354504119937,0,0
-0.829854109291988,-0.586494334251617,1.99553726051326,0,0
0.713758340011972,1.68266085143759,-1.41778714774407,0,0
1.38488245177542,1.21474288762018,-0.788776259212897,0,0
-1.70769501065473,0.686184545170125,-2.18255500350559,0,0
-0.892999527333419,-1.62165443606118,-1.46389797218113,0,0
1.48227889755861,1.74805729490792,-2.02006435482711,0,0
1.0288838619472,-0.514398099573942,-1.6374296926664,0,0
-0.943277886561443,-1.75806768923729,1.83751906452885,0,0
-0.473793521626072,1.03338244021411,-1.0922615493514,0,0
-1.74458554481867,0.331812283171425,0.782090446982298,0,0
1.54740253979643,0.850302005939778,0.624410253207945,0,0
-1.47120209750619,0.12914975752085,-1.03583437147173,0,0
-0.135887843601889,-0.484463448826478,2.14168557142482,0,0
-1.7854220006103,1.80490513558577,-0.562045069117772,0,0
-0.150366454773825,0.588359482127165,2.11232898897987,0,0
-0.584353956802797,1.25653374035209,-1.6553535187776,0,0
-0.594461702262533,0.492997463080212,-0.423097659450757,0,0
1.14770352952848,0.487568300364128,-1.732366222222,0,0
-1.48392085707382,1.94338490942915,-0.787796139355447,0,0
-0.785741040015184,-1.02960005328533,0.658250797195924,0,0
0.152851666403396,-0.494683180231296,-1.15558477709553,0,0
-1.4599583416735,1.41133724415977,-1.65959117536328,0,0
0.18583283790684,1.20032892300346,0.457552192226322,0,0
-0.473328185829412,0.37559874030013,0.935361454844434,0,0
1.83744873510593,1.18251585100407,-2.09807658494958,0,0
0.0329794135273799,-0.852153296872331,-1.97433221697341,0,0
-1.54018243138516,0.0126675717941599,-0.358758539159858,0,0
0.393977044276452,-1.43964537008215,1.3796419186238,0,0
-0.94878874151053,0.200842990502625,0.3891766719046,0,0
0.680730137681567,0.255672792894283,1.02126264511072,0,0
-1.87358919211326,1.86306747993217,-0.671465391461815,0,0
-0.344486746535745,-0.784019765625312,0.453821805697021,0,0
1.56655129756224,-0.558280580865375,-2.05522202882772,0,0
-0.0922548079193464,-1.90423182103906,-2.05955801728623,0,0
0.550877131788533,-0.658887854000445,0.0799782125930844,0,0
1.42820875008079,-0.421439213539537,1.75405677134881,0,0
1.12572514950119,-0.470453229444488,-0.441891257534853,0,0
1.70868080871065,0.0934359407145243,1.4493730697984,0,0
1.73521534747774,0.700996785677658,-0.987449521371915,0,0
-1.10270056494874,0.239722023832459,-1.19866756961592,0,0
1.0750686680212,-0.352926836029304,1.4016097430964,0,0
0.740042340530264,-1.624274692448,0.782010386128468,0,0
1.08883591358219,1.94571965785251,1.38369952433394,0,0
0.0517969948535086,-1.61449113916804,0.778040494266984,0,0
-0.454944793048194,-0.721772415289824,2.03207723342173,0,0
1.57064538294355,-0.983051081176535,-0.631156589897243,0,0
1.36661479407696,0.51208931147921,2.02312171102174,0,0
1.25546334484605,0.747564469420116,2.06148232836286,0,0
-1.11824988016814,0.961005332146315,0.523301525622495,0,0
1.38938624324623,-0.319427610858865,-2.15934829178177,0,0
0.10171882909943,-1.83031757826719,1.70667281250868,0,0
-0.425257330064269,-0.0586843549683715,0.250509335528464,0,0
1.69081772168395,0.0860267769692961,-0.837913965592799,0,0
1.36216794738408,-0.106511963892194,1.04046995437713,0,0
1.39577856400289,-1.56161335611289,-1.7130861740742,0,0
1.01587131734244,0.142491647708456,-1.85855276815164,0,0
-1.87010968313479,-1.79564412646769,2.08826024027436,0,0
-1.48961700416495,0.286631753683722,-0.975302631292223,0,0
-0.273248976355561,1.11757217797852,-1.88232007186961,0,0
-1.21006708466591,0.565883117040635,-0.838393435841776,0,0
1.1810695438711,1.16131050214378,-1.14858249333739,0,0
1.60288946126987,1.32284049704524,-1.33438392637094,0,0
-0.841737411046192,0.681054264080968,-0.509505510368282,0,0
-0.651964569652349,-1.87768148991853,-0.367291510966061,0,0
0.32957326026144,1.27968576054321,1.02064203683292,0,0
1.56730323111366,-1.0710710684554,-1.59545249267581,0,0
0.926074285584446,-0.518303500337111,-0.931127006294923,0,0
0.955584463746088,-0.0790626259006591,-1.42208302377929,0,0
0.564466028072658,-0.328221671785143,-1.54390559214275,0,0
-1.33770976390038,1.58360091180487,0.456455822770056,0,0
-0.0207557566463137,-1.64140467212985,-0.437675728834615,0,0
-0.756302863970301,-0.131572130979495,-0.386761883831266,0,0
-1.29625961638987,1.34130008381325,-0.12001470223241,0,0
-1.50825051720614,-1.17357281923229,1.18218349448345,0,0
0.467819879308385,-1.79910333185892,-1.82571751184617,0,0
0.310534127148592,0.0874467755694128,-0.799911142968991,0,0
-1.26238351665076,1.16761427727098,0.381375696906075,0,0
-1.87737355043465,1.17218067949369,1.03008454784071,0,0
-1.00988912533301,1.29429265204722,1.4789911994154,0,0
1.49605051074856,1.71833125378702,1.81072379368147,0,0
1.17246267228918,0.697718351454222,-1.77493429313906,0,0
0.458843666782029,0.262251275057049,-0.433232932507812,0,0
1.13024876267495,-0.76764631982656,1.17441416502345,0,0
1.13574491805529,1.7091847892104,0.183971327609346,0,0
0.174837951024367,1.64155192325671,1.03752062379417,0,0
-0.311004243490679,-0.724798125682206,-1.06537702494569,0,0
0.990963881534947,0.2067774704194,-1.63283194242805,0,0
1.63755518528547,0.0743385727941403,-0.899146456900306,0,0
0.0199631672419545,1.5383842901212,0.315178771628667,0,0
0.309603663664115,-0.667916384195227,0.883403478148324,0,0
-1.04543943324653,-1.01112350379648,0.612068015373766,0,0
1.47896157886967,0.0483728529571643,1.75386524300563,0,0
-0.0950804504313243,1.66593998506714,-1.26063736421244,0,0
-1.8051215418918,0.0283324332974276,-1.3571366413857,0,0
1.2260357203622,-1.76933895880239,1.28029289799354,0,0
-1.71550828795194,-0.418196078708083,-0.774837779761072,0,0
-1.59639615748885,0.607876198649929,1.77773938293632,0,0
-0.0574265863215885,1.33354857471905,-0.670666748811877,0,0
-0.0847547795921225,1.04624395596379,-0.193499668628411,0,0
-0.804099798023026,1.18881765005138,1.44024709920923,0,0
-1.06808966565759,-1.02941150643477,-0.804902333064063,0,0
0.475354660040942,-0.0835322658957188,-1.1163811722511,0,0
-1.64566626923213,-0.188362884296814,0.877787039388113,0,0
-0.80132632795474,-1.6391917482105,-1.88881616974564,0,0
1.85677109106804,0.532623304075371,1.69040448811,0,0
1.66958786930765,-1.74809114247086,0.933842413318265,0,0
0.276356787647985,-1.09718951299299,-1.60416507905586,0,0
-1.4822707169083,1.42560281940904,-1.50421397221742,0,0
0.77064857836635,-1.16068900735316,-1.26560749946103,0,0
-0.106937672162669,0.497897614795617,-0.942229813272298,0,0
0.213383599597921,1.51026995563142,1.14289911713765,0,0
1.69726184737295,0.882286408957314,-0.26695997436211,0,0
-1.66167629403293,-0.959508714959051,-2.14832794886057,0,0
-0.670714440331694,0.300736380601679,-0.624555456691801,0,0
0.134342074649765,-0.666383897749251,-2.07263389894165,0,0
-1.70362195754992,-1.18420207996532,-1.44104752862487,0,0
1.58730992687559,-1.09277671403272,-0.712209031940844,0,0
1.8010528845131,0.803044108328718,0.934467750053583,0,0
0.358045580149737,-1.86513327953679,-1.57382918963109,0,0
-0.727390294699183,0.879265584937914,-0.990504463283493,0,0
-0.265263608101411,0.529874934579426,-1.44352334432506,0,0
1.67896043973388,-0.114028345936913,-0.293432662366787,0,0
-1.14100066634341,-1.91760990468988,1.25485156644422,0,0
1.67082486471717,1.50898083719967,-1.3881486546821,0,0
-0.655777014697167,-1.36230115622373,1.33661114318532,0,0
1.13553375488481,-0.816349742683753,0.604214165874467,0,0
1.43596720973809,1.42312895988807,1.50737086188605,0,0
1.74320074141341,-1.9213801820956,1.88495750236668,0,0
-0.529755061436058,1.51604323085564,-0.737134656918052,0,0
1.33558556395162,-1.49297030735502,-0.0069030489402112,0,0
1.35556617614841,1.25150235631373,1.44098033203631,0,0
0.787950376365939,1.60919614676929,0.353527653365424,0,0
-0.468394336110007,1.60875236995127,-0.227751924504414,0,0
-1.77965819954884,1.37401627501171,0.866871262088703,0,0
1.54047400225738,-0.219815271139547,-2.07265395565945,0,0
0.991109625912606,1.70252899543088,1.11515585180198,0,0
-0.473262126769814,-0.505188067444981,0.736309702488432,0,0
0.13932131423578,-0.397103235940004,2.09027291008994,0,0
1.59815980351755,-1.4514034586966,-0.607080598178766,0,0
-1.11304080872024,1.72169576791151,-1.91492303042533,0,0
-0.905805843161157,-0.680368088710552,0.844531147762153,0,0
-0.203425701600576,-1.32226291574924,0.149183715388405,0,0
0.956238481644969,1.55166413632683,0.0859747703424328,0,0
-1.27120026112834,1.37918301231155,2.05134690750988,0,0
0.890885008430836,-0.494908746192492,-0.819676782749329,0,0
1.49982865414294,-0.892362852342858,-0.915683432798774,0,0
0.868743870463949,1.86110497989125,-0.864365206990542,0,0
-0.23585049455999,-0.402176392263604,0.476587723140167,0,0
1.07754807321238,-1.76719066528538,-0.0330059748062914,0,0
-1.53160526711893,0.572530655258329,-0.0782886156284558,0,0
-1.80626800818428,-0.476289719154141,-1.41887812467343,0,0
0.237695679403792,-1.58860842928345,-2.16224596464964,0,0
-0.145671034025371,0.670382464715916,1.15538621016957,0,0
-1.50432622738553,1.17263848593153,1.92906724783351,0,0
-0.274747667304472,1.35734082107367,-1.90256670844869,0,0
-1.53068638865513,0.324080927172667,-0.309596471758721,0,0
-0.74736833962989,1.01319023189161,-0.363167822252961,0,0
-1.74311352899535,0.122472769691526,1.94582590851906,0,0
-0.525219640078098,0.175484804840832,0.138727699851689,0,0
-0.931549398302525,1.19536206262627,-0.421040982890318,0,0
1.46582000058441,0.840675480762477,-1.81454680883492,0,0
-0.668705505469343,-0.426079459659862,-0.0504480307208596,0,0
-0.656756363391216,0.826671020841399,-0.19458603149025,0,0
1.34679949291675,1.8844932501948,0.468084535251137,0,0
-0.427976766221698,1.81933049869839,1.30330372038189,0,0
-0.831702484198329,1.45833005238724,-0.410621904188956,0,0
1.61325525460808,-1.42852534543853,-1.20808952686617,0,0
1.45731752613848,-1.90279543630281,-0.695064464941891,0,0
-0.636353322127391,1.32107888659949,-1.51631216353757,0,0
-1.53114812106934,-0.192683617640356,1.99387353689281,0,0
-1.1227859993549,0.590014554862343,0.145834381189674,0,0
-1.2038279302452,-0.922323118231144,0.752589248242624,0,0
-0.0260870428892826,1.76416978412173,-1.94258233046259,0,0
-1.34070066874261,0.42402047324296,-0.420827653634889,0,0
0.253015385039259,-0.977574787221715,-1.80243887918008,0,0
-1.59905936706525,-0.664483287508633,1.40959993434284,0,0
1.62625846353878,-0.319055819547533,-0.476202659115725,0,0
-0.820686962660079,1.43999764360284,1.36680350453884,0,0
-1.74731009071233,0.368177968225956,-0.932083967744611,0,0
0.114748536927385,1.66474614452233,2.1399728949573,0,0
-0.981849094442969,1.75165982812863,-2.11037290481479,0,0
1.47192092202828,-1.26759827933309,0.479065253678087,0,0
0.0286181181651643,0.358137114929943,-0.820255464560621,0,0
-0.448068307515381,0.581138488445341,0.214407990576728,0,0
1.31020718492116,0.634425546292102,-2.13001531619388,0,0
1.07660974144257,0.717431437038523,1.45319599885166,0,0
1.27813137809038,0.534199679383388,-1.01483225877783,0,0
-0.680858788151525,-0.963502273882734,-0.599236523456988,0,0
-1.71172095146019,1.34640840541814,-0.863714999034335,0,0
1.07250904617023,-0.448957863034923,-2.00150482197015,0,0
0.46250040036405,0.617744171412937,-2.17625445483192,0,0
-1.09429638695026,-0.450671807623834,-0.302016091299207,0,0
-1.40164332111818,-0.364054305184412,-0.432658457819073,0,0
1.7838313554219,0.161428107439497,0.177751172836507,0,0
-0.241020027099213,0.735150699069956,1.8200745689691,0,0
0.538399417164263,1.05531494085737,-1.42761248665821,0,0
0.0769423769965564,-0.622305675983097,-2.09528318818545,0,0
0.651329159099509,-1.41194305828455,0.0151859216306719,0,0
-0.917927781995154,1.88239406582104,-0.394316506294299,0,0
-1.51560526430857,-1.12059991520882,-0.6878610481296,0,0
-1.08952099484478,-1.04002987774511,-0.410467645728129,0,0
-0.13977526804825,0.347665332984449,1.25549357577542,0,0
0.20808711446661,-0.195544003313969,-0.70175963280283,0,0
1.52011418918492,0.706797874728076,0.924379466992152,0,0
0.122706371939066,-1.82359911100657,0.910949194987343,0,0
0.681202465935289,-0.110100763083992,-1.30023908675607,0,0
-1.71784889340177,-0.822791152778708,1.95545199219722,0,0
-0.547646060728989,-1.81305817265121,0.618362500365021,0,0
-1.21350194499947,0.310185376075565,-1.37255299309826,0,0
0.109604786859657,-0.64291166959535,-1.15392834102928,0,0
1.55629870037893,-1.36064922642264,-0.284834891155171,0,0
0.863750125248922,0.668673329865312,-1.70071850319213,0,0
-0.822283183153217,-1.15705734291965,-0.773135932888607,0,0
-0.634985964683067,-0.00504696808145536,-0.199886325641501,0,0
0.824826928272462,0.17333158480886,-0.99987914709386,0,0
-1.05261006955669,-0.0520466743421782,-0.276451835038921,0,0
-0.270328810807933,0.313079678980019,-1.75686723960998,0,0
1.71548181803741,-0.427932692335996,-0.99098097457693,0,0
-0.943667481366758,1.15366164793652,-2.0626089201172,0,0
-1.69106538472953,-1.79598704475211,-1.18490053040816,0,0
0.148952294738414,-0.578244451605861,-1.26556290456934,0,0
-1.12465594230731,-0.168257342495573,0.472854229859395,0,0
0.277554801172063,0.431425694863905,-2.06954778423606,0,0
-0.172571756681501,1.88806052142855,1.16336915536614,0,0
1.12566419752111,-0.824602946165516,-1.74702075575458,0,0
-0.645052264602911,-0.912332197901169,-0.541928173071647,0,0
-0.295977410755716,-1.08175536292209,0.429604508920074,0,0
-0.0961074339107579,0.948668673615355,1.68407113278866,0,0
-1.12889375651002,1.89499598981289,-1.03052053374669,0,0
1.40195354651269,0.236710507277057,-1.65888822956692,0,0
-1.50778375387139,-0.905885025608349,1.5076690664984,0,0
-1.45871997894461,1.58028793632536,-0.327558440355648,0,0
-1.85733365821306,-0.838808852195489,0.0789070828352368,0,0
1.39992749270563,1.62598381759487,1.71999577960545,0,0
0.79994071071107,1.60981846231398,-0.489403708740925,0,0
1.9131630646081,0.982593581609164,-1.18813588154979,0,0
0.0592133032078616,-0.498207813390419,-0.549727522314922,0,0
0.905689783718874,-1.79822744311551,0.786703877761639,0,0
1.36409150891523,-0.247797132554462,1.96799312387595,0,0
-0.659288088916205,1.82378304916046,0.244388297161655,0,0
-0.71317838696237,-0.895389777029945,1.69874192184914,0,0
-1.50150907305756,0.271987275607545,-0.330270962376024,0,0
0.94213560080168,-0.217378121453541,-0.389037759980072,0,0
1.10313497021712,0.140756277341072,0.0829878287317235,0,0
0.732644938199952,-0.215347823443643,-1.95554248689107,0,0
0.835240722136271,1.86844519158575,0.599905916485304,0,0
0.902314260972127,1.08570823190095,0.962541581236878,0,0
0.0191035041563751,-1.6784456300279,-0.955049119165411,0,0
-0.153854811477535,1.89384329296651,-1.77203999933161,0,0
1.7113256126098,1.50490926599933,-0.225784656384344,0,0
-0.0495453982388876,-1.81659481647134,1.00554178215118,0,0
-1.26843461329577,-1.4753198459296,-1.06023507793861,0,0
-0.207399069684914,1.17971212298941,-1.46108833608591,0,0
0.114632385626937,-1.75971039185834,1.40548910590042,0,0
0.289980705550583,-0.225184085872047,-0.214480100873871,0,0
0.953726979871492,-1.42846220941241,-1.41825719245934,0,0
1.25325565364243,-1.11735896902725,-1.84728326760914,0,0
-0.326924035840235,-1.25993636165033,-1.90610083918959,0,0
0.491329860705277,0.52100667303936,2.14736971489404,0,0
1.05842358625087,1.78349515480358,-0.130383024166488,0,0
0.623250036513403,1.72552069314055,0.476257794029809,0,0
0.806266621722597,0.291890613163978,-0.405511489342712,0,0
-1.11053744710195,-1.21567597651975,-0.172269675865897,0,0
-0.817837759570574,-0.190654736459666,-0.149093253197403,0,0
0.227552472197523,1.63798488192698,1.90313907749694,0,0
0.525731120891114,0.274567415565531,0.383441209841098,0,0
-0.402213902122149,0.0652452461552323,0.0389638271760001,0,0
0.73662236042163,0.859607458277225,1.99716923230358,0,0
0.706859606315686,-0.290506078753565,-2.09882702790431,0,0
-0.518527263566418,-1.91327145231421,-0.613669349931862,0,0
-1.36743385669706,-1.41348875235219,-1.58318586055918,0,0
-0.48222130536613,-1.1389043696701,-0.950037499825811,0,0
-0.139679350240579,-1.33280937545062,0.225514100691951,0,0
-0.390766886827089,0.780819834837154,-1.80870329377301,0,0
0.0998077877503869,0.513739301693125,-2.18680902191077,0,0
-1.78477947563287,1.19285558045311,-1.57539698053185,0,0
0.487840757466448,-1.2761001285863,1.150911172059,0,0
1.1980376424434,-0.14156215632592,-1.13831530532504,0,0
0.293608793614797,-0.408809843385475,-0.154838806888609,0,0
1.02145035760358,0.443655049337521,-0.449647369381952,0,0
-1.32806663692598,-0.402540995424687,-0.612652218328791,0,0
1.06690146134621,-1.59794960250361,-0.331624456261693,0,0
-1.25010679088856,-0.156812199795932,1.98209004866514,0,0
0.411288805818899,0.842841731426509,0.0299744412861907,0,0
-0.78545294476233,1.56788514024343,0.616748684191396,0,0
-0.896715733108824,-1.61156106794037,0.810445910399862,0,0
-1.49868488553634,-1.68676182721424,-1.17586843655554,0,0
-0.362976623740347,-1.23210754424718,-1.37088677314379,0,0
1.83604566441333,-0.306692927324429,-0.0366510456277746,0,0
-0.281635370346608,-1.3964099929165,0.443970842410124,0,0
0.131533090586344,-1.45730826730858,1.92435342008749,0,0
1.07593670948017,-0.258667963123761,1.3911425436593,0,0
-0.57046686711639,0.626318183162454,-1.36736539233276,0,0
-1.63732717705233,-0.122147129458084,0.744544019208379,0,0
-0.271552948633347,-0.0137648906313967,-0.630614026982176,0,0
1.79559987585173,0.998952132911031,-1.2772526749917,0,0
-0.558027834169487,-1.01220721483639,-0.273005580114818,0,0
0.0836386978349537,-0.42410155057494,-1.64591104117575,0,0
-0.112974043557428,0.811950181783394,1.8016937730211,0,0
0.552475899179659,-1.06931955827763,-0.166005382749078,0,0
-0.267899281778631,-1.19310862782514,-1.24475291140235,0,0
-0.199297067494918,0.106274830075786,1.0767732017317,0,0
-0.875547846689726,-0.222021748622836,-1.33483023971613,0,0
-1.80955243504949,0.887530256251716,-0.287482128878001,0,0
-0.527652258859514,1.85712528910717,-1.76910744561153,0,0
-0.254010546704024,-0.254151705524766,-0.543352098804954,0,0
-0.996091820885232,1.83492621200266,-0.714941529694942,0,0
1.75725022684148,-0.418901392345027,-0.325603443347126,0,0
-1.08690849563677,1.94451832170643,0.0530435711942588,0,0
1.7375237801863,-1.36881863809584,-0.217787924661767,0,0
0.866657021422611,0.734314039070362,-0.289638932120772,0,0
1.58430801263288,0.19239331395512,0.316232300510711,0,0
-0.747280458365766,-1.27054980279645,-0.289774289911436,0,0
1.61901501215903,-0.1353688984386,-1.59747709043293,0,0
1.6562147907475,-0.524210794102184,-0.232655217524366,0,0
-0.159423842146204,0.105543977932698,-1.3153167944598,0,0
0.214364172149069,-1.50293946434902,-1.51834325419268,0,0
0.483274735253143,-0.776310432060728,-1.03936661730835,0,0
1.20240289364473,-1.65687240004944,-1.92648168864701,0,0
-0.732274722553878,-1.90395296113385,1.39142264934381,0,0
-0.674270776009758,0.87891709513001,-0.807610141811434,0,0
0.401047569607184,-0.0675989257490304,-1.41987734057511,0,0
-1.83077985830855,-0.728173502772177,-1.11220508785556,0,0
1.33121165010908,-1.67734083167934,0.563450615461274,0,0
0.0473089275553901,-1.33509646622799,0.939844533661077,0,0
1.43833628004954,-1.59482711254954,-0.127290691908751,0,0
-0.369857632762355,1.51450317034908,1.32815950165828,0,0
-0.0906990712375833,-1.22341368681048,-1.1718146431706,0,0
-1.62563572951042,1.10258498415243,-1.48103597643333,0,0
-0.628215522560009,1.76416949765401,1.90767767798122,0,0
1.25126062045067,-1.65185218825223,0.650202838998444,0,0
0.413842387200056,1.98171838505428,0.344637122708012,0,0
1.5385310662359,-1.45453415950893,-0.724482929341051,0,0
0.0438542596879995,-0.992722191314194,0.421394299133835,0,0
1.88340722591467,-0.910969426246179,-0.0564656058615594,0,0
-1.24085329059998,1.02096146164272,1.77074213335056,0,0
-1.13588821495982,-0.976079259673408,1.8973372196295,0,0
1.74001746695741,-0.398077260861352,0.949151263736416,0,0
0.122215221790409,-1.81347955754644,0.271284281825892,0,0
-0.315037340583566,-0.332136615390248,1.49066576001668,0,0
1.37851390059069,-0.639636290723506,1.79179321103915,0,0
-1.63305858842264,-0.719655975341273,-1.05682256097901,0,0
-0.462794040408841,0.999536206839527,-0.527182223706009,0,0
-1.53261615714317,-1.36740284619211,-0.273938775776203,0,0
1.78148015590369,0.195386479242308,0.540333957013502,0,0
0.791081620069374,0.0847224374309626,-0.963701647757481,0,0
-1.68740159935729,-0.500172387129208,0.888275576103645,0,0
1.61434335566909,0.801769407251754,-2.03068224233975,0,0
-1.05275799420655,-0.479095070181783,0.205105931257756,0,0
1.43109291457003,-0.443729646477698,1.81114540486002,0,0
0.0470923960623754,0.654320686675038,-1.68407615689265,0,0
0.00637440556439904,0.507145784536565,-1.89499888052037,0,0
0.16801064648135,0.833988897176798,0.377207156176859,0,0
1.26536535213429,-1.03826760313216,1.44952653663992,0,0
1.31375037166274,-0.309519073719094,-2.06927281294174,0,0
1.10611961408272,-1.434241931985,-0.139255220029942,0,0
0.654100776556324,0.568374302384856,1.92367663214647,0,0
0.155367812989093,-1.42420191710885,0.418440692591867,0,0
1.42429239939108,-0.428829327181281,0.446551323949895,0,0
0.0733728082529038,0.945812268383364,-1.03648853853677,0,0
-1.00426920983876,1.22826991259058,0.600383594961683,0,0
1.69627746333051,-0.881732048880787,-1.24696442545973,0,0
-1.8039218838651,0.101375689208266,-1.63491958223621,0,0
-1.84736950342587,1.78029344283974,0.513930765490428,0,0
-1.65715889047277,-1.47639974439432,2.09957690087903,0,0
0.276331609134915,0.556898441039825,-1.46931578839343,0,0
-0.684961843466681,1.93312660523686,-0.153742258255083,0,0
-0.571911806651124,-1.50803702790496,-1.65988772385136,0,0
-1.82847937181544,0.425528483120459,0.128481768133706,0,0
-1.72440210797416,-0.118241965897486,-1.59437172176416,0,0
-1.43036655473676,-1.16947689645098,1.12556373850456,0,0
-0.950500854717811,1.92133464135818,-2.18027962642113,0,0
0.895102668842028,-1.85835843743567,-0.29111924807589,0,0
-0.187628443736688,-1.81341031446641,-1.27760950093705,0,0
1.67815044470134,1.23198146867497,1.55005176284948,0,0
-0.648121530836743,0.317170448991608,-0.390203745369449,0,0
0.561246947383575,-0.0375071337715305,-1.10489746175139,0,0
1.30706632658926,-1.64367000413283,0.988044156990834,0,0
1.73656860222719,0.0228558145575472,0.00455851039113823,0,0
0.989810283750988,1.86880092063369,-0.63535254778412,0,0
0.159209937896937,-0.472131881939958,-1.49038456616331,0,0
-1.37086645174374,-0.585140636507323,1.40894706504756,0,0
1.0386765810989,0.704207613518806,0.593512828324577,0,0
0.806933498091152,-1.40166445046441,1.66394767399578,0,0
0.824259268458102,1.77470397497623,-0.100232530566022,0,0
1.09755280300994,0.0440772092595151,2.09420426061913,0,0
1.16952446946123,-0.507803558797052,-2.12509599642603,0,0
-1.43467288988238,-0.425930303033327,-1.16825007659074,0,0
-0.440762924715639,0.728892227809375,0.250109851223049,0,0
-0.347797797163504,0.632723378810891,-0.964375804728455,0,0
1.17468578391515,-0.0432501091041299,-2.15753213791592,0,0
1.73877065766628,-1.89739156029322,-0.148892823692383,0,0
1.34546325172924,1.10624805329416,-1.79135279541363,0,0
0.755903922623027,-1.56949458490749,-1.88464617231543,0,0
0.495617379269381,1.97971566366801,0.188963510771605,0,0
1.23541373261323,-1.7664447781485,-1.63543686091162,0,0
-0.990273886729131,0.978252458879925,1.99860474280843,0,0
1.77502176191832,0.642800641789386,0.755736281191965,0,0
-0.774502858842724,-1.81475729664096,-1.48289708961919,0,0
0.215855897208003,0.729264992563569,0.838464248259947,0,0
-0.515814439071151,-1.63990177761704,1.00852375235215,0,0
0.422473793485991,-1.6286520369223,-1.1497556883338,0,0
-1.07277553199632,1.43966279750441,0.531194556228251,0,0
1.39262961156543,0.0203650160359816,0.612843008650004,0,0
-0.219407110107364,-1.59283240313629,-1.35795537820857,0,0
0.0378262188458731,-1.87026521465773,1.30883480699145,0,0
1.78445413751207,-1.14820943062331,-2.09366428317518,0,0
0.592583911151821,0.761260864325461,-0.0734170096513743,0,0
-1.77991287694966,-0.751874183460111,-2.06512651651257,0,0
-0.748398910551517,1.39130919735112,-0.702101099106582,0,0
-1.53369114823276,-1.59338432425616,0.890849299522586,0,0
-1.09696448841278,-0.603002741927606,-0.554764976585871,0,0
0.916427063736506,-0.431603384803455,-1.7828192395098,0,0
-0.0471569197854642,-0.649493557439659,1.7565777609768,0,0
-1.45477380050176,-1.58070415534667,-2.19682863554043,0,0
-0.78736160304375,0.79582067237272,-0.540489887850028,0,0
-0.931332654272821,0.853148713235845,0.465336037068964,0,0
1.10504652696764,0.388188676438916,0.166032951697268,0,0
0.493393722132579,1.52701749360645,1.67781050521341,0,0
-0.894428616059014,1.68168359052577,-0.362934536497526,0,0
1.19404763362189,0.00165578359645697,1.22965153402429,0,0
-1.05016916981453,1.37105813450891,-1.90398195066485,0,0
1.21468419691587,-1.66445091000935,2.03345127904034,0,0
-1.17960695960441,1.93825541475775,-1.32798650758694,0,0
-0.27254154090222,-0.303692266435966,-1.30737508534051,0,0
1.4326329359348,-1.53480440302813,-1.98462618945536,0,0
-0.836338033361538,-1.67010379762975,-1.17556121234214,0,0
-0.544808525018132,0.723925990545097,-0.524548735054046,0,0
-0.238651372119871,0.356445422679237,0.696752078809051,0,0
-0.826482658393972,0.816575829910049,1.62150642312357,0,0
-1.1679329515834,-0.694169823453482,1.22934799964768,0,0
-0.165607552829358,-0.434078234189007,0.867450280996196,0,0
0.401036378664947,0.674673913577312,-2.02654995716738,0,0
-0.681339785245443,-1.88204265352815,-0.211975738288213,0,0
-0.176467142397997,1.97884591938353,-1.24671986064763,0,0
1.74523696598661,-0.737639409877128,1.21939779442944,0,0
0.31946114451604,-1.34499212326811,-1.13665727690947,0,0
0.988338034137308,-0.64113151355774,-1.4227648398189,0,0
0.576907495450218,-1.652252262321,1.18516512860052,0,0
-0.990351831017483,1.76854868957142,-0.289620528490352,0,0
-0.621480636939422,-1.38113880374951,2.01891065871609,0,0
0.475117922507806,-0.00774118149326323,-2.00873703773083,0,0
-1.39974229378946,-0.766477730407857,-1.63651634518882,0,0
0.410288165376476,-0.739628236666585,0.455728247692723,0,0
0.164180904492339,-0.200952014859173,-0.794897321874927,0,0
1.42976266160373,-0.738667651095575,-2.03355544789478,0,0
0.958121491175894,-1.45265967895626,1.26159270491378,0,0
-0.439502816826779,-0.184381144447438,-0.492632630759526,0,0
1.16353811149163,1.82776080218199,0.0482391577019256,0,0
1.1463949446776,-0.934887194727996,1.42847096939683,0,0
1.41431130011637,0.877073232867787,0.0469416734129275,0,0
1.46886600379208,0.876070385096989,-1.74722827339052,0,0
0.872258479876578,-0.645575251944256,-1.34708154762168,0,0
1.83384035627733,1.03353089983001,0.68633254254768,0,0
0.0817898898851094,1.55662808823556,0.357085862695611,0,0
-0.0311576316297274,-0.274361786148751,0.202720449240961,0,0
0.241344382641253,0.624239627201603,-1.37548397775195,0,0
0.131508166231731,0.679591248794421,1.94761768719146,0,0
-0.13567032558441,-0.918720922567934,-1.04309010095779,0,0
1.5119700825913,0.860391621698368,0.959733481814429,0,0
-1.31498632499798,-0.886369389269606,1.11976190088314,0,0
0.451419499883606,-1.1522366923832,1.51388860579229,0,0
-1.61619467002179,1.74250970333386,-1.58235666160648,0,0
0.348538179104825,0.629978964211675,-0.91544116995893,0,0
0.273458550573228,-1.16844999633938,0.65215629427269,0,0
1.60390033978171,1.08967369874157,-1.75760459553864,0,0
-1.30906073303886,0.253498726405503,1.8993121387198,0,0
1.2116226555051,0.689312460676871,-0.0985301127558479,0,0
0.690380988593469,-1.51056376444082,-0.0642543178469437,0,0
0.0501855089126948,0.722384737639451,-1.09143141402036,0,0
0.933302662799545,-1.7632915211962,0.909387641884747,0,0
-1.68360912213439,-0.652623421656766,-1.4200525131726,0,0
1.8695070041176,-1.11529673990189,-1.35743917459672,0,0
-0.128435303055507,-0.530365660753227,2.0870288157054,0,0
0.995073361657093,-0.162573034657567,0.0533595477612689,0,0
0.208774465202856,0.867940817069651,1.75986448740157,0,0
-0.719549159155493,0.0673656674577221,0.699609923710182,0,0
-0.190038701001731,-1.23984844217555,-1.27221474595163,0,0
-1.83820647115003,-0.563091111062859,0.364918284821693,0,0
-1.04735261147486,-0.858608773992123,1.41635086682363,0,0
0.435260475351528,0.756593315276782,1.49646141247959,0,0
-0.00452000282728858,-1.88462110843556,-0.356819827035965,0,0
-0.86293248622121,1.11219468984275,-0.532280348206987,0,0
-0.147240800785306,-1.88902502598414,0.0454081650945519,0,0
-0.145240181420906,0.296434440088061,-0.159755499735617,0,0
-0.450088273917452,0.696868834162909,-0.859478360823363,0,0
-0.149154002924019,1.83470493028484,-1.19827236025722,0,0
-0.205515457081134,-0.998422810478295,-0.39080182792755,0,0
-1.42953871813476,-1.54302185095912,1.04956826283182,0,0
0.714985825290235,-0.603377074955729,-2.17094357909933,0,0
-0.241454094321097,1.64330944834432,-0.425217513710563,0,0
0.467018531862374,-1.88907221652352,2.09716230103906,0,0
-0.732936460847981,1.52523114293244,-1.22236447489218,0,0
0.592545112579274,1.87556971954314,1.15367373818682,0,0
-0.309160248611267,-1.52408244809155,0.518510775155452,0,0
-1.53282278354091,0.247641356483293,2.08735817185345,0,0
-0.774462987845468,-1.69905641695674,0.509528825628077,0,0
0.691074034427406,0.463648136136335,-1.87506936440833,0,0
-0.621049982702533,-1.77706141879239,2.03314543762997,0,0
-0.644553177094495,0.604921896267208,0.197207995041823,0,0
-0.793583833345047,1.39759423438744,1.6588594133548,0,0
-0.818393224206842,-0.504873285034874,-1.37884810470378,0,0
1.79393347840064,0.294832789021364,-0.416568880452368,0,0
-0.745053296144737,-1.53073492924591,-0.415546368469997,0,0
0.879417078640024,-1.73190262709577,1.27901111854075,0,0
1.13494083685612,-1.7435922672588,-0.458630847483691,0,0
0.477483031666722,-0.354563628657041,-0.0555191095786081,0,0
-0.662959503470008,-1.55984671058639,1.70279283827492,0,0
1.76217917227679,-0.728977780971425,-0.894880356683849,0,0
-0.992045823700902,0.392649441408513,1.14906832179373,0,0
-1.17061800550356,-0.0125204620765239,0.616488197910693,0,0
-0.426150259569499,1.02470546795127,-1.99154449576748,0,0
0.848430615324322,-0.353326460325506,-0.728411178180282,0,0
1.7183420013036,0.819005518662848,1.38885520016587,0,0
-1.28599338055014,-0.559337240776581,-1.61509614918501,0,0
0.162524882373949,-0.536585971593881,0.472463197254221,0,0
-0.680439012250826,1.90108399362047,0.825799868946257,0,0
1.25641211128172,-0.835253436528745,0.309652773855746,0,0
0.767065779213818,1.21776304017383,1.82665969870957,0,0
0.533586832023811,-1.19938961234676,1.53449324865958,0,0
-0.783573392494876,1.77675721047484,-1.07171176914386,0,0
-0.328124187129175,-0.418120911949974,-0.629714025679707,0,0
-0.681274046762017,-0.564995432611411,1.02455608815199,0,0
0.972606654676833,-1.33894911770074,0.644130019560556,0,0
1.65764584897974,-1.90502285056234,1.3708922881045,0,0
1.35702164421937,0.368183185770222,-2.08863154521414,0,0
1.71447904514355,0.904684468000926,-0.727019149036132,0,0
1.5728704224544,1.97662801238554,-0.434871794018082,0,0
-0.99409250507919,-1.03109599776278,-1.54741833296557,0,0
0.604292794672333,-0.232315816576762,0.345262010994029,0,0
-0.0344744623698528,1.8160910040141,1.392690640246,0,0
0.0621246785922675,0.896917306273927,1.66422002747997,0,0
1.31429988969957,-1.92484362155274,0.614790689759899,0,0
-0.254407282742084,-1.20772371559033,1.86360560428021,0,0
-1.76022407674106,0.707478713621179,-0.456517014389657,0,0
0.338385067688857,-1.4611644768199,-1.09265273481401,0,0
-0.619427471420986,1.63835728540341,1.99226363224987,0,0
0.726488784669644,-0.539519888240175,-0.051511447758126,0,0
1.26120637664516,0.808119189642421,0.179137237503736,0,0
1.57246308172114,1.97565414985672,-1.89330035399487,0,0
0.591123373195265,-1.57713340909523,1.40818903489756,0,0
1.31233682468252,0.839723037625908,-1.91155353827872,0,0
-0.42738046354624,-0.134795397358592,-0.737649511132798,0,0
-0.0659832469963384,1.61876371707196,0.93391379369185,0,0
-1.27859786713965,0.335935986935499,-2.18181292418091,0,0
-0.0439946873472272,0.766613814767483,-2.07157054466704,0,0
1.13031787694945,1.89944538091916,1.24543764888775,0,0
0.971502745314015,0.124379726013262,1.57198950882534,0,0
1.65077401357257,0.187158177469016,-0.841679956769466,0,0
-1.05454394708738,-0.125099863566877,-0.799618709484085,0,0
-1.82405868130439,-0.226710966126466,-1.37680224660309,0,0
-1.21528248705043,-1.25956163723796,-1.2984282889743,0,0
-0.575005643011755,-0.648419366433749,-1.81107582238745,0,0
0.666132668908679,0.438036512298821,1.60368045006687,0,0
1.82589871656133,0.20008363938283,0.842585065075384,0,0
0.560065264647326,1.65220801981149,0.841357510532776,0,0
0.731628597495212,0.152422780217844,1.46410767936932,0,0
1.08660769222,0.131546912116265,-0.614563645906441,0,0
-0.280971942385829,1.74243192552282,1.17606238930478,0,0
-0.125131922345507,0.439867062022849,1.93030339782308,0,0
-1.41762698871286,0.708564429022818,0.77404003699203,0,0
1.54976290407377,-0.35657726227394,1.61768038529423,0,0
-0.525048735784328,-0.834002487640095,-0.80520382461745,0,0
0.661475298426513,-0.00830481585859478,0.62776142979432,0,0
1.07455746680709,-0.82210346055591,1.63802398005381,0,0
-1.17223412562976,1.20915390784658,0.832528950912054,0,0
0.321785024214031,1.60298895323087,-0.949886015069459,0,0
-0.917262923839573,0.904864074139164,-0.136999297344238,0,0
-0.6433338789066,-1.53988600741256,0.897895835002411,0,0
0.635200518458239,1.52612898477389,-1.19496525621527,0,0
-1.19871603588485,-0.345982985271002,0.174063133890889,0,0
0.702571959343999,1.40154967668244,0.777758872155725,0,0
-0.139506295783974,0.866248922284442,0.570555915008527,0,0
-0.399633516322252,1.24322671438098,-0.630088945491405,0,0
-1.44316820981203,0.427318795989738,-1.71369604690092,0,0
0.698081663952926,1.03176609444808,0.698740550583839,0,0
1.91113941423676,-1.88367759415119,0.542382022942459,0,0
-0.818020229402494,0.762284423530064,0.809050044635289,0,0
1.70505303502362,0.859838543759808,-0.582664665693999,0,0
1.89376897308566,1.47474597021882,-1.74604140322121,0,0
0.979226529610535,-0.483280671044699,0.850572746827887,0,0
-0.338932434918348,-1.57497589660903,1.18466574133127,0,0
0.199853684016086,1.7931892361857,1.57159073211826,0,0
-1.13642050689802,-0.636966032034516,1.86779564830521,0,0
-0.659132841491846,1.76196102219521,-0.846536555385658,0,0
0.752393483357347,-0.00933007653549261,1.27745468970533,0,0
1.80201240530522,1.91681196469265,1.02045680095216,0,0
0.233183133192537,-1.7868767006533,1.73766724011379,0,0
-1.50431565634197,-0.895949135362758,-0.968970540334716,6,0
-1.37183700584672,-0.909908705609405,2.00049418422276,0,0
1.28506685141004,-0.150828585191005,-0.0107316124603042,0,0
-0.835849572687564,0.736066791824685,0.593111062292927,0,0
0.373307396990153,-1.7251074658574,0.199530852075545,0,0
1.01179966432306,0.0508986133132055,1.5673557864744,0,0
1.18674692131589,-0.244520996459022,1.50456483464355,0,0
-1.54136441610062,-0.305858126628073,-0.834978114808672,0,0
1.62465537014047,-1.05399806848062,1.10562928540101,0,0
-1.40839192775317,1.62074916098782,0.930416087562044,0,0
0.00386254779196828,-1.83804231631419,-1.29002696588825,0,0
1.85210965227942,-0.0941608898310806,1.66832191123162,0,0
0.328440658445629,-0.90250278880246,0.0618236486878261,0,0
0.33593017683359,-1.6946301302933,0.611729997979191,0,0
-1.86798789394738,-0.889430581517487,-1.86806757667763,0,0
1.53568934709455,-0.613663842544343,-0.317962954484585,0,0
-0.215141437658164,-0.614334817459722,-0.64535437933612,0,0
-1.78096959785414,-1.73704527647442,-1.34731197565167,0,0
1.15398295876615,1.1208175917793,0.218610243962922,0,0
0.448106808295496,0.170611391329196,-1.93644351406732,0,0
1.87090778207067,0.383641944695643,-0.925263989256118,0,0
-0.867519667347458,-1.05527262632372,-0.714435315468404,0,0
-1.39935888380179,0.435899052553122,1.63181409001213,0,0
0.870584676407459,-0.484999360597367,-0.122689093914667,0,0
0.37140075160829,-0.0297017486746911,-0.68794480894323,0,0
1.6691406965422,1.88605373840439,2.08387812430059,0,0
0.0579734810603817,0.62635886340355,-2.12341224645681,0,0
0.000693342379198503,-0.0445681169845154,0.284405096481507,0,0
1.60613928627656,1.05329766618099,-0.490261693482107,0,0
1.54123662994653,1.92119292468154,0.964752914092399,0,0
-0.34630473312343,1.89975636535116,0.788345577763641,0,0
-0.548499743563487,0.0863728235907092,1.39838277684314,0,0
0.0158333677267865,0.516169713913768,-1.4165341955841,0,0
1.67786015323604,0.868939943497021,-1.84336891664901,0,0
-1.24001220410657,0.42512610453747,0.115759141026049,0,0
-0.00578456513091831,-0.0861346180499369,1.35274208417923,0,0
0.273561877941213,-0.941529489856532,-1.85106297141385,0,0
-1.4091811552945,-1.61492922403666,-1.59388234918775,0,0
0.99171383229618,1.75689719249428,-2.02426205589614,0,0
-0.213753735139302,0.39063414372434,1.11436932639385,0,0
0.535920768249462,1.6028786385255,1.22142485815156,0,0
-0.835929722044062,-1.27609609979185,-0.901681911295904,0,0
0.529976284435412,-1.57710401148571,0.311825331537473,0,0
-0.224130521052168,1.41859330368027,-1.34536561964365,0,0
0.269034634817925,-1.49257460967371,-1.17388543626714,0,0
-0.938476897068506,-1.40048865647374,-2.04863774334621,0,0
1.10490002631359,1.04828681384988,-0.557430591619297,0,0
1.74218654910036,-1.28368193018806,1.74266241766212,0,0
-0.143920261279961,-1.35975946771498,-1.62190713034308,0,0
-0.798808150758095,1.22780999778681,0.768531894182439,0,0
-0.574817636599091,1.64662972510145,1.32828604838188,0,0
-0.0301824265155414,1.27141712977109,-0.617686239887377,0,0
0.745283616599942,0.671876241526779,2.03396407625965,0,0
-0.563417715006428,1.7307090970707,2.07001547529712,0,0
-0.591968709777945,1.71375177349173,-2.17986796818505,0,0
1.02245885659008,1.84537367521062,0.487663338702983,0,0
-1.8523363556652,0.202979924753395,-1.79793451673695,0,0
1.53551226418212,0.405795441501314,1.40039693170415,0,0
1.16380681631391,1.51018326903917,-1.95814238537446,0,0
-0.506497957077111,0.682016718990709,1.69291467345045,0,0
1.58983582535303,-0.732204528754424,-0.613049482658325,0,0
-1.29770221802103,0.903701979509345,-1.54727853927235,0,0
1.50422794043828,-0.84820321079387,-0.758724935670409,0,0
0.628339264721459,-0.479234626490376,0.523849739201204,0,0
1.68088555012615,-0.979526312082092,-0.865353819040268,0,0
0.447011340181502,1.62799013168779,-0.428502090008218,0,0
-0.515516208474949,0.0730097265808502,-0.546060277042155,0,0
-1.64842699772592,-0.456253113894225,-1.41333617708747,0,0
0.983236365448399,-0.298111559558228,-2.04261656745119,0,0
-0.665909876680106,1.49613474144181,0.967784950671442,0,0
0.330145242540709,-1.1066740332013,0.46515939967207,0,0
0.862970454774033,1.1643308134407,1.87630305850131,0,0
-1.49978612579257,1.62854764257749,-1.94061362082603,0,0
-1.29222011574367,1.45320670217477,-1.91543945674338,0,0
0.895624218821745,-1.83033372902539,0.883561533749839,0,0
-0.0803418254165467,-1.5212416252439,1.81312211673522,0,0
-1.43772169857434,-0.181313868865903,-1.24469573765964,0,0
-0.888141646196729,1.78663497514249,0.377157664785704,0,0
1.5716963228501,-0.840941334336446,-2.04335179046185,0,0
1.09236840707162,-0.243653309450695,0.911720551066437,0,0
0.57856951553108,-0.884433934883481,-0.406075156707009,0,0
0.100909868412111,-0.987679685212165,-1.14852107096779,0,0
1.73221684267775,0.319001422030996,-0.902476171695233,0,0
-0.0968805130915844,-0.886337827642768,-0.64834120959373,0,0
-0.121220563611275,-1.22623205569774,0.302756906205445,0,0
1.76214431360311,1.62085117360317,1.59770671970289,0,0
-1.65229899377981,1.70260257566871,2.11457389985635,0,0
0.7381826347617,-1.1054813759324,-0.908549249269851,0,0
-1.5656153641558,-1.56308982899613,2.03286757520427,0,0
-0.652995201678275,-0.661417327489055,-0.516175755380985,0,0
1.54785590800637,1.58877490750341,-2.13888614848802,0,0
0.265287969878301,0.629292964337996,0.912652315334344,0,0
-0.843960650194173,1.12196168729549,-0.481903672579493,0,0
1.34967339011278,1.23878830392916,-1.40118621669914,0,0
-1.25603702411762,1.88122630204975,-1.29163107105931,0,0
1.43382657297422,-0.187971786520757,-1.53186282530936,0,0
0.475606213152429,1.44225034274423,0.764300592821828,0,0
0.678769101504323,-1.82025457390023,-0.300808015450578,0,0
-0.361952875246432,1.5310050011276,-2.01246089593161,0,0
0.210606903399812,1.71938460198539,1.385665991724,0,0
-1.33531344638542,1.88115588299235,-0.761562833182243,0,0
1.33818383205718,-0.493306162737223,-1.86572704689474,0,0
-1.85652956107364,-0.775893339619735,1.6774766989906,0,0
0.0840934962396946,-0.817331698381864,-1.45632285771091,0,0
-0.638117382843701,-0.30137642396991,1.54177797044351,0,0
1.18230136578338,-1.07659219004706,1.61244234461162,0,0
0.550335637897278,0.872532123737788,-1.80916656113373,0,0
1.12668031152005,-1.15667674318204,-1.40928499037736,0,0
-0.495365567812657,0.708410196261242,-0.121196790292253,0,0
-0.930250218200132,-1.60824266417124,-1.82040774053386,0,0
-0.197260129152674,1.76969317738417,0.0732971319115139,0,0
-1.55515176674681,-1.51287124460389,-1.03385282181052,0,0
-0.640387721007497,-0.957562981490701,0.630050044737691,0,0
0.973479137267027,-1.80423438020717,-1.73534584186028,0,0
0.376796787153512,-1.37847853585039,-2.11835462613957,0,0
1.29331965635089,-0.246008863276572,2.05072413493275,0,0
1.00654278363257,1.68612668937766,1.02902764900896,0,0
-0.557890224633593,-0.335136507194987,0.377894471034972,0,0
1.57421508098036,0.205180508665088,-1.96225978364975,0,0
-0.277355475650646,0.076207480911012,-0.619197978674831,0,0
-1.65812562599991,0.714471627906862,-1.85444227579312,0,0
0.67964385380924,0.345551239516725,1.86070298024862,0,0
0.352215698775015,1.25012210465382,1.00070199481609,0,0
0.98726261177535,0.953428401408143,-1.08786230625865,0,0
-0.356721572460877,-0.782763270758066,0.796144892588685,0,0
1.22584541766773,-0.235844273258882,1.93533303713106,0,0
1.36931449266056,0.689578753407359,-1.93125839141442,0,0
0.714437758701877,-0.0338987480335093,-1.64240058410376,0,0
1.87550641006875,-1.22148287520854,-1.78458348157304,0,0
0.519214041983676,1.47692863712547,-1.62020821711863,0,0
0.0116926721640377,0.060884784117835,-1.45347106839379,0,0
1.27816687171742,-0.882264428157989,-2.01201691391539,0,0
0.654446373610342,0.955043043877244,-0.33597505627144,0,0
1.06328854751601,1.73166347614518,1.71944917760978,0,0
0.47694948576206,-0.0444383306849353,-1.80696635346513,0,0
1.68177331764655,-0.246335789546048,-1.72204576187462,0,0
0.357328437968703,-0.145511699575418,0.98444996036354,0,0
1.48738556528756,1.72554978786064,-0.535333067105782,0,0
1.6158083746075,0.874041985619984,1.84343523343887,0,0
-1.80301025644467,-0.656263724825483,1.05888082376036,0,0
1.91869206399143,1.36319192519871,-1.53900557189162,0,0
-1.40759681648784,0.33114649660615,-1.574629154346,0,0
0.185800643026329,1.62714145829024,-1.50166755359074,0,0
-0.430787251325484,-0.471915095210878,0.859305600484321,0,0
-0.0774899700462792,1.62479697999984,0.108289250173212,0,0
1.8159153272038,-1.56484179077111,-0.626093764328758,0,0
-1.39701819422285,-1.24245786296641,-1.39763992721209,0,0
0.238115032002252,0.590769734866142,0.847299539681675,0,0
-0.821484143501419,1.18082991730196,-1.06435560928519,0,0
0.163500569237963,-1.73264721600473,-1.8386122736363,0,0
0.722928972245579,1.87939283108482,0.515205454787689,0,0
0.173289636300892,0.215532464082073,-0.0337854920552662,0,0
0.87330982360283,0.544002274555969,-2.00545681938856,0,0
1.90163694404303,0.184292892649973,1.99501867900659,0,0
1.54050961809301,-1.42076944262285,0.287801958207641,0,0
-0.700229316439729,0.409253765593756,1.72864560737871,0,0
1.32832296744405,0.520300119562818,-1.25504795793555,0,0
-0.612908252977546,0.990311470888056,-2.02165462184483,0,0
-1.84355245607617,-0.997531240820239,0.628055590264566,0,0
-0.390669601700053,0.468380762622956,1.55141829314618,0,0
-1.81086484910304,1.23608969040964,0.149485690821624,0,0
-1.13098968441025,0.675016949550696,-0.576427723935283,0,0
-0.104363775816337,0.577875624746122,0.545763616134071,0,0
1.66375803044027,-1.62797060319813,-1.69195308179104,0,0
1.07061347483543,1.40007860654394,0.453526907259417,0,0
-1.66856490301271,0.586833479522263,0.716155305755349,0,0
-1.66144508245371,-0.619346244550916,0.814511025358103,0,0
1.01363345035685,1.25485049160063,1.89578307859412,0,0
1.57462148035321,-0.54367210831499,-1.94436782679559,0,0
-1.31604281034097,-0.0303231582880179,0.343232567352487,0,0
-1.59865608578274,-0.970321429073579,0.164518553595342,0,0
0.412467643220226,1.9373383713681,-0.516856013489503,0,0
1.41962745551823,-0.988762587026373,1.23236232298552,0,0
0.0210539081857602,-0.328138169181264,0.258506701963707,0,0
-0.931135499926841,-0.835343132856706,-0.874123325075503,0,0
-1.42214733856287,-1.29174979087861,-0.71334557253385,0,0
-0.854246697995589,1.65056092529359,2.08567766225942,0,0
1.7712209072076,1.68659748813022,-0.841147379190507,0,0
-0.336156372788028,-0.53024583696167,-2.09184961435476,0,0
1.02661404892614,-0.368261008865378,-2.19528868291451,0,0
-1.49942485947117,-0.576276140101928,1.43262268264813,0,0
1.91735420486838,0.698229366990547,0.592248238753427,0,0
-0.376706225511467,1.31620313664252,-2.010263705932,0,0
1.02627594024813,0.424047026246258,-0.396877437266727,0,0
-0.722744743913626,-0.783278602468883,1.92250378234467,0,0
-0.467134797642359,-0.00926205322406993,-1.1029447454568,0,0
-0.688566516186773,-0.852004326358583,0.112515019309387,0,0
-0.173815468250386,-0.625087073200238,0.0439465200172918,0,0
0.0617008069324606,-1.36546306285905,-0.650157852400914,0,0
-0.767224431894113,0.816643040346504,0.712352346362,0,0
1.63003253419886,0.621324615600296,-1.33275591773865,0,0
-1.49792580455318,0.914422872508257,-1.19998292708967,0,0
0.784907253030402,0.431015943842515,-1.80380223287655,0,0
-1.82114397352182,-0.12016397454705,-0.729862351004698,0,0
1.83721411319842,-0.259625479658417,1.99739525480004,0,0
0.0244650131164962,1.86272412008604,-1.08715377661051,0,0
-0.17488151154538,0.0677773754003314,1.01065559934076,0,0
1.69222535394524,-0.00790393256412635,-1.38588598399858,0,0
-0.298867443914285,-1.51095591229441,-0.379296156572044,0,0
0.598743223508666,0.940288236498613,-1.63116574778109,0,0
0.804554199451548,1.46380604710189,2.00723248420058,0,0
-0.446325714775781,-0.347160574702677,-0.773976557681602,0,0
-0.265577297199448,-1.56086191752351,1.90605477640699,0,0
1.10942897504381,-0.803865876236618,0.271700206910275,0,0
-1.69370774268561,1.64268935429295,2.08815437283361,0,0
0.308078095679762,0.318208672789065,1.26058669546073,0,0
-1.45538211327128,-0.600124338894016,1.31471892949178,0,0
0.862298883115794,-0.622300410085999,0.679124062206271,0,0
1.73197680728366,-0.27825790681745,1.02679313648735,0,0
0.771836521193655,1.71722853917183,-1.00475409467622,0,0
1.61475618959019,1.95483924555309,-0.884047421028849,0,0
-0.233456529117716,1.86611961012948,1.73047684655262,0,0
1.07528636403816,0.0884097568864003,-1.42259340767325,0,0
1.35905120842408,-1.80660523998516,0.891507046083619,0,0
1.01323430025623,-1.0560654613235,1.15820546008646,0,0
0.502669912483834,-1.42332039480435,-0.517697090781,0,0
-1.20420761021398,-0.473977329810142,1.45197156118354,0,0
-1.65120059797293,1.35921603330505,0.056415201320382,0,0
1.54761127650638,1.49087029857793,1.42932041133069,0,0
0.915438981555686,-0.685382678806812,1.17514262383948,0,0
0.627181654421929,-1.87267786131805,0.174562914945187,0,0
1.83327101565199,1.65693569788754,-1.08351675661811,0,0
-1.37245981716069,-1.68509856369179,-1.29317573695824,0,0
0.477135765314127,1.40331745986897,0.760691011245408,0,0
-0.364951144484928,-1.23839644768543,0.799156026166378,0,0
1.8366608332622,-0.26940791261238,-1.04592094880614,0,0
-1.18363299339467,0.219525902579835,-0.175279245438694,0,0
0.725363139888115,-1.82714165569683,0.10311256201144,0,0
-1.29394392643896,1.30736488852635,1.70913081677447,0,0
0.811608915594909,1.12091292531762,0.680238203617193,0,0
-1.30503504373515,1.70970658286667,0.388431315761904,0,0
-0.326235447077777,-0.345454337372721,0.0602273888487645,0,0
-0.419742863762611,1.52008587885159,-1.24716672569682,0,0
-1.80250229907177,-0.958929238198863,1.98743592773836,0,0
-1.72778207362327,0.869982474345795,0.911159970207594,0,0
-1.40035515307298,0.590173827266257,-1.01783745824762,0,0
0.938677860893566,1.24792637153473,0.539650227725188,0,0
-0.248126310842272,1.01248319123748,-1.01086584518224,0,0
0.736772306826742,-0.68682041742236,-0.313662343918037,0,0
-1.36239158492812,-1.14035975889396,-0.620361329044956,0,0
-1.31714484672421,-0.115110584496237,-1.33731853809876,0,0
-1.65626268436025,-1.3114075544369,1.24395267837308,0,0
1.54031313677988,0.751449685156727,0.250033820339115,0,0
-0.0497157676486571,-1.75019097094083,-0.716300991094435,0,0
0.220081193885312,-0.0827732413856187,0.461510373790958,0,0
-0.832340319199494,-1.00597105612697,-0.360562527193452,0,0
0.356094843146206,0.745060237934435,0.77053059222095,0,0
1.89562377988355,-0.836268065056512,-0.216528077720349,0,0
0.856701641743961,-0.825597177096728,-0.753547986335004,0,0
0.189553027859591,-0.0139159640371774,-1.05163135338538,0,0
0.495036906149394,0.534715621434669,1.83649817425252,0,0
0.68400116499411,-1.55641318967212,1.69286083119001,0,0
0.436260595079063,-1.02195607815251,-1.90521131520147,0,0
0.73945360150422,0.0402628605282379,1.97723431354162,0,0
-0.405266724215253,0.862885307705089,0.471382361555313,0,0
0.0997801845479245,1.46988078672411,-1.02553468657579,0,0
0.334498962741107,1.18349370127305,1.33550379633806,0,0
0.950392474048981,1.63221771740595,-1.53337352142688,0,0
1.00453788873845,0.0507916632350847,0.00577349823033407,0,0
0.794052411856283,-0.175661587024386,0.615297598424857,0,0
0.707687199386059,-0.910401748489313,-1.50169041336974,0,0
1.08692659909374,-0.439800517246471,0.741125225983177,0,0
-1.14359334650518,-1.80771373778152,1.7598092593012,0,0
1.31556404906906,0.749530445391032,-1.14981310705333,0,0
1.21005346170866,-1.14010725675608,1.22043390060064,0,0
1.36108541124203,0.477788841565492,1.14787069795193,0,0
-0.211825443781251,0.515634654247502,2.07361820663333,0,0
0.111301829444561,-0.634016228289804,0.665793668870073,0,0
-1.22338880196407,-1.32762117496728,-0.238459739767783,0,0
-1.48542349854844,-1.01459763105412,2.0298862872941,0,0
-0.371652970023566,-0.145591586664711,-1.23376775707284,0,0
-1.86299169747587,1.51072891250173,2.14549161732362,0,0
-1.74564104540833,-1.73791240696902,0.567691448647189,0,0
-0.636071382468387,0.652981285859612,-0.159460335062875,0,0
0.69638997817815,0.411353813932265,-0.803159234929795,0,0
-1.63249787855801,-0.31718233433334,0.181589354227481,0,0
1.79771015971972,0.669184161113484,-2.18733804732586,0,0
-0.450992167659117,0.128405722388664,0.0590183533388793,0,0
0.298158073250439,1.13880996155358,1.76697433825369,0,0
-0.341009669331226,-1.92312218136255,-1.35434626330286,0,0
0.892732627060792,0.633405678324447,-1.54371481897605,0,0
0.461544097731628,-1.1923892644974,0.156273890147864,0,0
-0.69431662457205,0.873562860144828,-2.12687136165159,0,0
1.74556265100959,-1.04697247497906,0.634311401312116,0,0
-1.23576455742529,1.46453382747167,0.895221233773867,0,0
1.75510520739397,1.79185351201014,-1.5947243891774,0,0
-0.894563187205828,1.15807459195528,0.848284578309213,0,0
1.24402498864993,-0.372183858614669,-0.361135980470579,0,0
-0.442777257124317,-0.502957315015402,-0.710951449516546,0,0
0.372973538160345,-0.76306242482648,-2.17218276801622,0,0
0.723676818008023,0.908620194200606,1.32304638194402,0,0
0.645723774915785,1.28237838743474,-0.677994426572332,0,0
0.982368871271405,0.0947308988911358,-0.844437263994098,0,0
-0.0489906022076197,0.666783051621339,0.499754389252556,0,0
0.153468304412127,1.71471245303145,-0.12786919150588,0,0
-1.66695583290559,0.09335271545519,0.356542622551239,0,0
-0.0219938962116736,1.41679337680829,1.85280304777531,0,0
1.82783418368934,1.96354049093759,-0.49562875798863,0,0
0.775201814726682,-1.10376235247149,-1.26416928914968,0,0
1.47776161620704,1.91731752639446,1.3623242339982,0,0
-0.420181906114154,-1.21447636009231,-1.74689734108997,0,0
1.46830055701599,1.09088804088714,-1.80154935620426,0,0
0.226062179104531,1.01056776495929,0.756445112505774,0,0
-0.712423246763651,-0.620312102405247,1.21375502673504,0,0
1.19180509702814,-0.146295861171926,1.26663536544827,0,0
0.854502737161282,0.324851007147257,1.36281492256578,0,0
-0.320339359638913,-1.81967681047246,1.77403952740226,0,0
0.741361515907229,-0.776645064676841,0.554556438496009,0,0
-0.401039341136115,-1.32580245617769,-1.53511078769565,0,0
-1.65554865229943,-1.86167732838239,1.57385852301975,0,0
-0.00368274287985141,-1.75134891908723,-1.90006214745205,0,0
-0.23014379059442,-0.224729747153346,-0.399297748508396,0,0
-0.0532940149737704,0.900427737385211,-0.969878873885919,0,0
0.583250195974594,-0.504206425584119,-1.24028198829495,0,0
-0.204566533899662,-1.30908067840198,0.517281293191924,0,0
0.619091017631368,0.403768790024801,1.04632864281727,0,0
0.369492347485327,1.45151611200371,0.627792827319132,0,0
-0.869578999972148,0.803907499233539,1.21886589610439,0,0
1.56860040185878,-1.60087478370903,-1.14759922522413,0,0
1.81173361914467,1.46492485499927,0.348363332483787,0,0
-1.73533548851002,-1.19376869415916,-0.554046951555259,0,0
1.80456146939617,-1.17258866667343,1.67127450041118,0,0
-0.167197402535248,-1.49881975379901,1.90380992424396,0,0
1.00065042709817,0.0325809676519626,1.07136519775205,0,0
1.44752065543679,1.56886316476507,0.271067576546951,0,0
-0.887818174212019,0.647677814961788,-0.206446752203025,0,0
0.720989822033867,-0.113657179563126,0.0648198012244532,0,0
-1.21546735589023,-0.571592497771057,1.38306019456324,0,0
-0.360033993950279,0.338226417707555,-1.92398912037918,0,0
-1.5095713264589,-1.41702456687563,-0.912154049749106,0,0
0.163946130266866,-0.925509935698102,-0.371232556301008,0,0
-0.903056971557895,-0.697447371816542,1.94539005021759,0,0
1.90239223478857,-1.26789429810744,-2.09084961594447,0,0
-1.75256561736699,-0.638170397987297,-0.836873807181084,0,0
0.624485057102854,-0.988563675335728,-0.676968212605558,0,0
0.748558589124771,-0.255290276957984,-1.39499406520619,0,0
0.240112566042386,0.684393021655412,-0.116613986676738,0,0
-1.60554750821693,-0.956439529896811,-0.970477530418632,0,0
0.634322791525248,-0.604193652108333,0.856744517666758,0,0
-1.4391131833607,-0.936561375954983,-0.0565463824121271,0,0
1.10016733814232,0.803026880123451,1.64109666861252,0,0
0.98245879820116,0.21476254376306,1.1461257392086,0,0
-0.127569148745223,-1.88609891603942,-0.406869210596953,0,0
0.625412138597271,-0.242993223045688,-0.852235034047964,0,0
1.09778677668056,1.2260306619227,-2.01918231275497,0,0
1.44043414203364,-1.77326445336036,0.372000267029942,0,0
-0.736885826455594,-0.8982069681152,1.55913603271524,0,0
0.754142600973294,1.68939740721896,1.29309091621096,0,0
0.184520630190991,-0.601950733011447,0.523864168538277,0,0
-0.0780422714281619,-0.0626595297804085,0.266083299454745,0,0
-1.8188845110375,-1.39883800300494,2.13060633182477,0,0
0.670397411509866,0.867241028427999,-1.88419421033119,0,0
-1.63467640264336,-0.812890942361532,-1.21889819159471,0,0
1.04088766669056,1.13979298192631,1.47561086451381,0,0
0.189614882235029,-0.935452401016525,-1.37912415409857,0,0
1.18142653820506,-0.0981819250234584,0.874501361707076,0,0
0.308762191947961,0.128614538199007,0.615124697430597,0,0
1.53198171363226,-1.43276308251446,-1.72585100299421,0,0
1.09851862994274,1.86165643572914,1.4210816809788,0,0
0.481918453627017,0.551522789399346,0.539881936315815,0,0
-0.0469361685536065,0.529323257960676,-1.92198454998313,0,0
0.312908453315248,-1.03081174697296,-1.2961112820275,0,0
0.168701306590955,1.59898669809597,1.66731226053222,0,0
0.778310432128452,-1.80897497761253,1.08067468735965,0,0
-1.5324135255496,-1.26778557995784,-0.569297134074567,0,0
-1.24118819351627,0.291646788078645,1.15303861250177,0,0
0.816348734372091,-1.05227425626471,0.907355080356422,0,0
-1.75722807633172,0.100937730239478,-1.15126084817768,0,0
-1.77021460113235,-1.00121516645426,-1.41652990646518,0,0
-1.13824168684945,0.413571034867429,-0.368611347871301,0,0
0.331428756032426,1.85774211614927,0.602463303392271,0,0
-1.11888481935692,0.156521273910104,-1.92241249310383,0,0
0.625997875542586,-0.716251974287087,-0.0609771809486261,0,0
0.608145967060149,0.00580663428257757,1.6975352834678,0,0
1.63315006574359,-1.06616458525596,0.361993080406165,0,0
-1.57371295886621,-1.24011001001327,-0.385499868541313,0,0
1.25056931741758,-0.310809589821386,-1.42344969579812,0,0
-1.54201650345791,-1.20738861221835,0.310027091348407,0,0
1.34402665514511,0.00360507601570459,-0.474212964481447,0,0
-0.812505538166174,1.49846910121788,0.992116788283281,0,0
-1.74091619187075,0.943080301445271,1.5922895918552,0,0
1.11575084077369,1.2084953167301,-1.34814678680057,0,0
1.71790557758118,1.59860154771825,-1.30902746815394,0,0
-0.0725890475733917,0.109336523186021,-0.517681067070004,0,0
-0.616806584983892,-1.0369572751412,1.50417200925348,0,0
-0.364255669533751,1.96483693619186,0.795557928131404,0,0
1.90991802610476,-0.834663077644409,0.429544195019963,0,0
0.702493973433879,0.894274381532088,-0.36302437617808,0,0
-0.926367504098138,1.40266127909554,1.61046677258724,0,0
0.642832964227163,1.60712076293668,0.300052205221847,0,0
-1.42462163047555,0.74377919168867,1.88933352125211,0,0
1.51392949197731,1.97536186154898,-1.055758532512,0,0
1.02106652874152,-1.82853271102158,-0.0667534316524195,0,0
-1.08999184331181,-0.0966989546143849,0.398797606008069,0,0
0.00524900697120073,0.276115684193403,-0.612681996172158,0,0
1.09098673351016,-0.180290389032931,2.12308074113934,0,0
1.53033266714511,-1.02861316924763,0.251081578093711,0,0
-1.28006097059115,-1.26321655390975,-0.244471414206519,0,0
-0.673610327104901,1.16202507215494,-0.330598874982983,0,0
-1.03197797838887,-0.766921863029739,1.85783003890413,0,0
-1.22046699014268,-1.30763622421669,0.849942970140808,0,0
1.0755595755238,-0.451805522790549,-0.274447244396852,0,0
1.41695066396185,-1.48500246951517,-0.307643120751467,0,0
-0.351746890901269,-0.393850334748808,-0.0676641704305684,0,0
-0.92104217950929,-1.38464483840235,-1.70141880080932,0,0
1.39163391260102,0.453915295853952,1.31543668929956,0,0
-1.05953812800262,1.01813016156602,-1.38758537604135,0,0
0.935830126963923,1.52776419817989,-0.704094673890223,0,0
-0.398576899029408,1.42722042326102,0.123961019575855,0,0
-0.318777334527869,-0.0387939121086788,1.43325408812736,0,0
0.0207018030812163,-0.435910905963738,0.75661075631486,0,0
0.28922044853108,-1.49756288305692,-1.0163687938759,0,0
0.472322700194987,1.53881284492033,0.568457929485132,0,0
0.570531426665695,-1.85020672016201,-1.10069339229738,0,0
-0.0228871170692809,1.36877423501845,0.664298072232822,0,0
-1.41710679365453,-0.903994139760866,1.2712497903071,0,0
-0.485501846352206,0.954145291442918,1.44719528155791,0,0
-0.808788892262709,1.86869414389591,1.7391133666182,0,0
1.25771467691645,1.17758124287814,-0.570886764355014,0,0
0.468225090246912,-1.46211979466918,1.82926576008086,0,0
-1.8319500959441,-1.30918652640046,-1.14949499756831,0,0
1.80371801488982,-1.3015821978529,1.53963758975829,0,0
-0.801856397113401,1.21677529946992,-1.57454158120717,0,0
1.12694362853726,-0.525247396711293,0.460828049576298,0,0
0.886992415800658,-1.77989281557475,1.60825931481957,0,0
0.735972041546705,-0.665314855863787,-0.275440192131347,0,0
-1.58179628793695,-0.0972093169313186,0.827192041837135,0,0
1.25178561972373,-1.56236183240708,0.784907911200401,0,0
0.035787640428847,0.478736216777878,1.172254126467,0,0
0.695440578560267,-0.520330125356415,-2.17003860942403,0,0
0.894358426462029,-1.57807593625198,0.869532710491612,0,0
-0.899805796057659,-1.10515341053319,1.27049785522083,0,0
0.0372922000470778,-0.077157134760964,-1.54757414834519,0,0
1.49925240430407,-1.23915061410439,-1.78580811360294,0,0
-1.81479291942,-1.1150138083233,0.240094400174698,0,0
-1.35086871263211,-1.67569089620448,-1.78069901171096,0,0
0.431479939148261,-0.264318513386504,0.0133989746704818,0,0
-1.25149357507181,-1.10309647467446,-0.956987504316112,0,0
-0.267387188795997,1.13187704583385,-2.15170550499618,0,0
0.490944219967944,-0.87555317276787,0.411286134482666,0,0
1.75280147528851,-0.293604171510789,0.021970224610736,0,0
0.855562398156624,0.739118809806936,-1.03642575867166,0,0
-0.799732580857318,-0.959384005706829,-1.52795004948943,0,0
0.250905286255301,-0.719509525561011,1.78394284081806,0,0
1.36788290220102,1.87931481150962,-0.740132050535587,0,0
-0.462375694702944,0.651764798855402,0.972572823167017,0,0
-0.249922277743424,-0.992344545660922,-1.46236235827687,0,0
-1.6504055274438,0.434164732263278,-2.10017463526023,0,0
0.73254818175793,0.75610042475391,-0.118833123359921,0,0
-1.82832878780026,0.636288694035745,0.555202975849141,0,0
-1.59093123703164,-0.583695540962773,-1.14256673831371,0,0
0.083678426255514,0.847530215426802,1.98419023290609,0,0
-1.32993370531967,-0.0208777911011663,0.0227356344343244,0,0
-1.16181531590009,1.73890180751038,-0.685965730308522,0,0
1.81427512755633,-1.91040971093667,-0.556204115177151,0,0
1.29776423598577,0.367888272724788,-1.41013153308143,0,0
-0.271346848672403,-0.0792403656879595,0.0539024222078043,1,0
-0.235697780953756,0.118285664512076,0.127975926000994,1,0
-0.159772674170127,-0.100718026180217,-0.0920620014376466,1,0
-0.120287604220201,-0.0603402721133462,0.137514647673895,1,0
-0.211413196726989,0.127326798685885,-0.147408791563736,1,0
-0.166505447955692,-0.0946728673606991,-0.090938645796555,1,0
-0.050109082066147,-0.0409253984404246,0.0247504346722629,1,0
-0.174121050026864,-0.0458954111281191,-0.133275129257287,1,0
-0.196127478735179,-0.125714871929247,-0.0304715285755027,1,0
-0.27500796968801,-0.0301466168747988,-0.0962288571055634,1,0
-0.0209520642124685,0.158984554218495,0.106810935067945,1,0
-0.140877336548924,0.0872589230961775,0.154944921679911,1,0
-0.112499497088309,0.213652492551789,-0.0163160765409588,1,0
-0.181082411427797,0.0476042844470955,-0.178784372662445,1,0
-0.161695371198012,-0.122977864585071,0.0119270666850685,1,0
-0.137641884761938,0.0270052959444936,-0.179731801034029,1,0
-0.2640448208651,0.169396987190491,-0.0724218276764019,1,0
-0.244390134290751,0.119543731014664,0.0760771389464467,1,0
-0.200814193961885,0.112273147904833,-0.14836029874027,1,0
-0.161611507089144,0.00158915561605408,0.14557097808333,1,0
-0.162021703111238,0.0370423104525003,0.18914816529952,1,0
-0.137465015548347,0.102912804016731,0.144331284103594,1,0
-0.132595434478654,0.0963453685113551,0.17324684649404,1,0
-0.265377957897835,0.128343371459205,-0.0649873646653992,1,0
-0.104264494248655,-0.104969768260605,-0.0592316556870455,1,0
-0.247803102141783,0.110846119995944,0.100146479659484,1,0
-0.124008208653034,0.167049069503812,0.0592766934532121,1,0
-0.167934288110434,-0.156554944627687,-0.0224045243312368,1,0
-0.131439592663356,0.0903985730555304,-0.177931380912892,1,0
-0.222930582423042,-0.0818222293148286,0.0601728012951981,1,0
-0.0910995126098525,-0.0609769970380078,-0.119600993981153,1,0
-0.322829278362469,0.0876933130551985,-0.00565702104097317,1,0
-0.091614107314112,-0.008061397233634,0.171312208660544,1,0
-0.256655951686489,0.0521252647394873,-0.139936400209393,1,0
-0.274679276810559,-0.0676417454146375,-0.0261496698092665,1,0
-0.196299546584591,0.156508314860392,-0.143533165067769,1,0
-0.0369522514582337,0.0104990338808971,0.0935035622648163,1,0
-0.114621889146786,-0.0507619001209158,0.141971411980544,1,0
-0.0533823132938312,0.0872102917180598,-0.102414585956818,1,0
-0.0654675089493183,-0.104440468412926,0.0857075593849632,1,0
-0.0369547590789398,0.089331204898393,0.130230345897027,1,0
-0.226449056523836,-0.0567482764682188,-0.182189604714958,1,0
-0.269948996988757,-0.0344864823735679,0.0784719962460032,1,0
-0.25648257413178,-0.0455211746153101,-0.0637008992680162,1,0
-0.311094602828062,0.0260745821600414,-0.0634527244332993,1,0
-0.0718017477371629,-0.0438586140617254,-0.121202466045168,1,0
-0.110265935466139,0.0621428422527176,0.155198022802358,1,0
-0.305348474982818,0.0492515226134884,0.0243286778035816,1,0
0.124115307754491,-0.00933706490541243,0.152449507233569,2,0
0.171840704513798,0.157555134178052,0.120220794284727,2,0
0.0176998233679665,0.01524529248768,0.109971027195582,2,0
-0.00841051871591482,0.00114507078548279,-0.109598192867621,2,0
0.270939244409344,-0.0433764097647314,0.0161065748332444,2,0
0.264881256531721,0.0820910229127993,0.0900719986703923,2,0
0.245322072661776,0.0984480403532029,0.12843236107776,2,0
0.145751536733304,0.215926681181465,0.00287055085930831,2,0
0.0310687832213337,-0.0205060931073566,-0.130877247633705,2,0
0.0114753056119863,0.0521583078227738,-0.0736444387709011,2,0
0.150952960053326,0.151891499465577,0.11964708765683,2,0
0.119761759632788,0.0171349400576589,0.164888459173953,2,0
0.190902232947142,0.0770061790875735,-0.0979731655433063,2,0
0.118109417019502,0.0662952074131781,0.145627928733265,2,0
0.116603769480179,0.133507592125191,-0.128927843216179,2,0
0.110480677074003,-0.123815124211048,-0.00662345795999973,2,0
0.0225117934911513,0.00998565985496173,-0.118437850844679,2,0
0.2066555567048,0.0260969132799463,0.159228166975677,2,0
0.168797999929405,0.0568116870078624,-0.171342284798785,2,0
0.166679737042158,-0.0679852139940535,0.127829293296809,2,0
0.154269037571492,0.0292105662829147,-0.165967564738983,2,0
0.0883844083599228,0.0781385887184508,0.14610055632805,2,0
0.201237442312463,-0.0970071388092635,0.0591365344657007,2,0
0.14830443302674,-0.0808774781096821,0.11206661523185,2,0
0.128886743032005,0.118885806162019,-0.130678514514061,2,0
0.236410907007029,0.0529701213482191,-0.0805242021038664,2,0
0.186201495992911,0.0720720354441567,-0.137811127647953,2,0
0.137140610359118,0.127737520670607,-0.123451934154088,2,0
0.0491321691677398,-0.0182243435788353,-0.119001016552933,2,0
0.259708716692242,0.0956063326020988,0.026281109736023,2,0
0.128382228020478,0.0266179957276515,-0.139038756853081,2,0
0.282572224127507,0.179568311196254,-0.0649118272121913,2,0
0.246208987231852,0.0414945991917874,-0.142364797635607,2,0
0.00523269421068715,-0.11432261178104,-0.0452118849352843,2,0
0.0747321590546214,0.0781137211398478,-0.142086126039314,2,0
0.106083748831397,0.0978519582646096,0.140334788311849,2,0
0.0292390494392081,0.127590918036145,0.0312936478094405,2,0
0.158804876006778,-0.132237551564215,0.112249294796653,2,0
0.253001775779383,-0.103782550814175,0.0197459425627395,2,0
0.109837389289012,0.183976726209696,-0.0973606334203614,2,0
0.182198983422699,0.129518738525726,0.152293537992709,2,0
0.276078210867278,-0.00771542603061064,-0.0543502355940044,2,0
0.0243449420655578,0.0196931681064578,-0.112836400354794,2,0
0.119511983961812,0.077151038364567,0.146101409419132,2,0
0.246152167752733,-0.00686526486596405,0.113618738517205,2,0
0.19573539340004,0.0850530737584447,0.176057996957281,2,0
0.0701316097818486,0.0399929962034366,0.147315159937225,2,0
0.0653394927683848,0.0571576842689007,0.132880319037168,2,0
0.177542676387692,0.116826945881973,-0.0996874229664382,2,0
0.070681987618711,-0.0889472502848341,0.0831760206337102,2,0
0.0571132473053148,-0.0381632655594893,0.121701192252882,2,0
0.135450595318459,0.217456954728673,-0.00724761606026531,2,0
0.18737686294581,0.0904423810029976,0.245031082471266,2,0
0.211039734238915,0.065008364160426,-0.149632382773061,2,0
0.0145225040309049,0.0103235230472867,0.122157601507164,2,0
-0.0246714029511892,0.383267141208736,-0.133217265190172,3,0
-0.0228816696738213,0.242526659017945,0.171432716192163,3,0
0.075573183233492,0.396097160777799,-0.105589190793115,3,0
-0.0530027660526915,0.443389071448361,0.108995799103167,3,0
0.035302131375358,0.441330986072777,0.111372814905713,3,0
0.0100688303716229,0.272680831526515,-0.163446553584776,3,0
-0.0908981463989839,0.3384634143628,0.137054140446632,3,0
-0.0927900844196488,0.391754604311678,-0.0599953135639584,3,0
0.140477598637428,0.283925092237901,-0.124348711945426,3,0
0.130537940057522,0.257534941834614,-0.0639086041616155,3,0
-0.12095290802847,0.358990643894721,-0.0871068582137227,3,0
0.0352695775165299,0.465784745301805,0.0255092500801883,3,0
-0.0752309930132302,0.408407975569405,0.133673223952261,3,0
-0.144427623795889,0.370842174751951,-0.0252551212961254,3,0
-7.8872310509786e-05,0.157156368168377,-0.044505965602911,3,0
0.0129260942993536,0.398082606872508,0.146804099586634,3,0
0.0740043672596646,0.337136398564356,-0.206459288690864,3,0
0.0370992906326391,0.273667323915865,0.156326048710214,3,0
0.118567360311509,0.238337468198096,-0.0603179410167047,3,0
-0.0963532506162537,0.436712515543423,-0.0116861846281334,3,0
-0.0101890515157889,0.362746045515759,-0.174227139574755,3,0
-0.0850448517343109,0.232796386801213,0.085735565740541,3,0
-0.0351235541814547,0.292928785071513,-0.174842070214191,3,0
-0.108614955381114,0.41793143441753,0.0814928314932998,3,0
0.0577764062150094,0.225568741313134,0.154956830076362,3,0
-0.0698929474421217,0.404552049892008,0.0597336320487769,3,0
0.0399758121995815,0.378588532002863,0.141602084297656,3,0
-0.133201400934555,0.323737062073071,0.123795009264991,3,0
-0.0846431261543221,0.252140863860611,-0.0856632616046953,3,0
-0.0814800338597784,0.29629978118573,-0.162460086822197,3,0
0.155230389298591,0.398462196658748,-0.0803207329182218,3,0
-0.10881523854134,0.426683815126784,-0.0681731329789893,3,0
-0.0332120999541942,0.186115572665179,-0.0566479897471621,3,0
4.54078325539651e-05,0.226091603646021,0.148300738049804,3,0
-0.0927263809101037,0.392326145101108,-0.135803150782067,3,0
-0.138304356276444,0.419371794014984,0.0184694272387191,3,0
-0.135979185875982,0.236434561162934,-0.00743450303183098,3,0
-0.14372048664156,0.36626896761033,0.112284012887191,3,0
0.0947861938982907,0.269068347704663,0.10574579681953,3,0
-0.0374756822674698,0.467136925370843,-0.00612457101338842,3,0
0.0039019719972401,0.448822832439141,-0.0572161732221255,3,0
0.0207456517751433,0.329507646710637,-0.160398797910315,3,0
-0.0209109937619147,0.227537594140244,-0.166490641344219,3,0
0.0698255731731543,0.371990343045235,0.14041399133657,3,0
0.032039935444853,0.192693089988256,0.1014591390404,3,0
0.0931574322137507,0.266180054341334,-0.129550144346213,3,0
0.0639006222923903,0.339185006858259,0.150722830186302,3,0
-0.0904933572496646,0.34711513116764,-0.155122921917287,3,0
-0.0616850968737894,0.410373692785946,0.0736288184449113,3,0
-0.0939880938703141,0.413828493165309,-0.0720646417817047,3,0
-0.0725115533806013,0.406006160026507,-0.103167976515947,3,0
-0.140491173969819,0.382159223410582,-0.041702657232837,3,0
0.0730910167012637,0.33198606672684,0.132564889192958,3,0
-0.00206219949978656,0.346521646054068,-0.154719274561985,3,0
-0.0418288552048663,0.302923523937146,0.155839396770078,3,0
0.125743844366856,0.378133729057012,0.0293261282906964,3,0
-0.0565782932205685,0.376424638034906,0.101500623259963,3,0
0.0024620910118261,0.349824478248954,-0.169380539017104,3,0
-0.0556196793225494,0.402363912240283,-0.126486168979886,3,0
0.0480832262684484,0.41268309302551,0.225653604949329,3,0
-0.185984682961331,0.251311928934958,0.0376576834703715,3,0
-0.0437409027563389,0.367756777387044,-0.168705196486106,3,0
-0.102833707778927,0.212204662490878,-0.111634260068046,3,0
0.0233571510943923,0.436749958156599,0.0490653288158635,3,0
0.314332394481692,0.241482201523427,-0.142844688439163,4,0
0.21625807793235,0.239615516775661,0.17068368179807,4,0
0.221906293163428,0.435676682909076,0.0908918441240264,4,0
0.388445800342616,0.403193894769896,-0.0368546567215361,4,0
0.366646665106699,0.32092264787156,0.144657852108854,4,0
0.37130049876644,0.4128048124344,0.0347558808346365,4,0
0.306643256493015,0.268260917427101,0.151865768545639,4,0
0.262925486375879,0.221885674704623,-0.17403521807349,4,0
0.383676578001963,0.333637991369413,-0.0375869189715349,4,0
0.207519720402857,0.445101594753513,-0.0238839629980499,4,0
0.374700734630583,0.400872173703119,-0.0423567077536451,4,0
0.287723608340886,0.121073066882488,0.0870847222662859,4,0
0.317970103691595,0.1915482289691,0.162090730099232,4,0
0.288982871647842,0.494050307176372,-0.0590789534607098,4,0
0.285886025997394,0.360250030569282,0.162209435518514,4,0
0.399801611960783,0.387460292164569,0.0789761488478333,4,0
0.238945645042073,0.385264552887035,-0.126321093600216,4,0
0.26360696631202,0.220120479349012,-0.164812496813483,4,0
0.151432680836731,0.35986227712227,-0.0915522937539844,4,0
0.26356190503283,0.343315949595452,-0.146330790957867,4,0
0.408356927435577,0.407023195540291,-0.0768501999423212,4,0
0.217390450833019,0.275127335473585,0.175618794118907,4,0
0.425415063507163,0.196969092264804,-0.0726136300811133,4,0
0.436820104544078,0.332251194114425,0.0286067762045095,4,0
0.342020900831049,0.336018399786215,0.147286443109525,4,0
0.257471790355938,0.239824565228861,-0.162021861315972,4,0
0.271611142178029,0.454343507283632,0.110644892813746,4,0
0.448235848604787,0.344802396702461,-0.0326460616318024,4,0
0.232159649962848,0.430662713306095,0.0210495931393877,4,0
0.258739729422852,0.43477294094665,-0.126832261666314,4,0
0.390836712602728,0.394366877256648,-0.104339088335887,4,0
0.150242540208771,0.323219485653047,-0.0249050157833685,4,0
0.359714431723211,0.285273698278878,0.12608861209154,4,0
0.311926057880781,0.287074532250196,0.201789151542774,4,0
0.309143088966208,0.263857175338526,0.152031800278846,4,0
0.393784798094195,0.156665032461939,-0.0883829858605525,4,0
0.304988521994588,0.478948504641951,0.00348428056901531,4,0
0.187026526717931,0.347384177667693,-0.135008965935674,4,0
0.387568964438941,0.335754154306272,-0.103147328039187,4,0
0.222487182080772,0.276097962239379,0.155477047811977,4,0
0.453214254219184,0.211043747869969,0.02354112782071,4,0
0.390014419449982,0.333464853044622,-0.0400219943072723,4,0
0.362371079494307,0.420994384671265,0.0448687343603175,4,0
0.276514013746197,0.432055798764296,-0.0825809868740502,4,0
0.223466467009777,0.319731386868794,0.162186769195117,4,0
0.355931801945251,0.235074683547239,-0.120364989375217,4,0
0.302837923310719,0.410249728399048,0.133237346706325,4,0
0.170684131363213,0.292359149992375,-0.115278138008285,4,0
0.226659205360752,0.276759708560742,0.163762119847217,4,0
0.269824729866572,0.239103107573701,-0.19282456494884,4,0
0.390006523687492,0.431914457060945,0.0328301262958804,4,0
0.225281294583972,0.231721503109451,0.137972530230203,4,0
0.198120913143709,0.366117754104746,0.198923308818874,4,0
0.294321831490648,0.432639839023203,0.085632637448231,4,0
0.183339829006935,0.363962133921128,0.0358431727382035,4,0
0.182581448521443,0.230013650149405,0.119484460048416,4,0
0.213919749088727,0.394003918191947,-0.0848882615257454,4,0
0.378997219155994,0.395566320586268,0.0495698241493478,4,0
0.264474272743708,0.304520167402869,0.149646032451571,4,0
0.26859613896753,0.415127876676644,-0.117388310292002,4,0
0.44157393542986,0.325526788830341,-0.0390137235395045,4,0
0.316193320037581,0.287092317625296,-0.178186632302169,4,0
0.274897065106556,0.409820995805116,0.122340195518112,4,0
0.158429022331845,0.266945680966997,0.0688870329388347,4,0
0.359747540978694,0.317645788732998,0.229863070461287,4,0
0.35716492302659,0.450823345469744,0.0859101913784584,4,0
-0.381186722306856,1.54836833868272,0.215264112980251,5,0
-0.540307207150735,1.32510950664622,-0.107090911882844,5,0
-0.598813505764452,1.50641032894546,-0.216770459393261,5,0
-0.752020934701546,1.30237015037068,0.440553134370933,5,0
-0.595976224404517,1.41690519604959,0.450268797650281,5,0
-0.462489146053084,1.67241809749636,0.121201430867249,5,0
-1.00028997117955,1.32715966340119,0.382045925603545,5,0
-0.762390303692853,1.41651072449255,0.471325967016156,5,0
-0.453192913717986,1.5311646426453,-0.0315600355290276,5,0
-0.921148690134579,1.17267413610637,0.152089406665375,5,0
-0.935913200758632,1.64794148938832,-0.0194340454454615,5,0
-0.635406514919624,1.21207171830545,0.36473920687161,5,0
-0.428556127415566,1.34411943214187,0.142493092162645,5,0
-0.616557976373728,1.44525002161145,-0.165334064760995,5,0
-0.860684421535303,1.43257312428181,-0.157675195270148,5,0
-0.931733745751551,1.45535034939281,-0.106347453888852,5,0
-0.50119043321937,1.21090401088433,0.0452800970838011,5,0
-0.644414201771363,1.44106522913364,0.503296234233539,5,0
-0.402934301464254,1.46930254864985,0.121206753520363,5,0
-0.577431087559755,1.07559007847249,-0.132251807851489,5,0
-1.00612418381663,1.36998698949753,-0.016102654806772,5,0
-0.823314741726061,1.27187775867341,0.50792593965597,5,0
-0.722616693006363,1.06509851370082,0.344135722331406,5,0
-0.816492387201771,1.66566455434958,0.386962329853343,5,0
-0.535629047291406,1.08986467974758,0.0940273736348232,5,0
-0.53931267536257,1.5042612417875,0.386130423286453,5,0
-0.800540225240482,1.535272468953,-0.152402790261528,5,0
-0.656971273258952,1.39689575731981,0.531144041841213,5,0
-0.974241699680805,1.42998555902335,0.412888343032572,5,0
-0.598613534556143,1.55034199995918,0.422044058649331,5,0
-0.498530595795618,1.5560340700853,0.215965963255016,5,0
-0.924070679275973,1.38515597228179,0.445143331902654,5,0
-0.71577961109218,1.55274511631346,-0.342540326323197,5,0
-0.744904763090164,1.34031880032706,0.527233924417985,5,0
-0.651890080806246,1.49330900620285,-0.208452194121886,5,0
-0.44534279430074,1.31046262541889,0.21951807611981,5,0
-0.46771749792436,1.1793228982604,-0.0782029336358721,5,0
-0.42521914910179,1.51955360093299,0.175322376309502,5,0
-0.720621388058433,1.06608008107114,0.139506683182496,5,0
-0.500654292599276,1.76682925231136,0.28644226527869,5,0
-0.429778424073655,1.40412669677287,0.132303595665696,5,0
-0.481228974289169,1.52296668859308,-0.00199044024819132,5,0
-0.357220233638326,1.4347283516899,0.0854648006101373,5,0
-0.980633779330307,1.55380872202674,-0.000658002829939125,5,0
-0.559048604341433,1.16155326438273,0.153149102167036,5,0
-0.933074363945613,1.70921683219392,0.00795876356862096,5,0
-0.496480674997096,1.32614848629219,0.321019076611878,5,0
-1.07400647004723,1.49721794349345,0.0769961727122643,5,0
-1.07531991450653,1.39543263571405,0.0297501146299038,5,0
-0.512165573074431,1.26371956334306,-0.050080541286598,5,0
-0.819350151356796,1.52560437154871,-0.184010534360487,5,0
-0.992355181098795,1.54823405003808,0.352565296169766,5,0
-0.859744550826767,1.18610627349446,0.411178487335447,5,0
-0.685859113286571,1.21377660284482,-0.128773314719028,5,0
-1.51014108585865,-0.606382083136346,-0.795229005280107,6,0
-1.31648332768946,-1.12625098619216,-1.20294795978094,6,0
-1.37126946368546,-0.921846468277509,-1.61116992837932,6,0
-1.24079140840263,-0.679998799400897,-0.831296288782062,6,0
-1.36809911676457,-0.844431386868084,-1.49451916315184,6,0
-1.25094843883732,-0.5924037756661,-0.811451951915778,6,0
-1.20933433964805,-0.791174136925191,-0.842068688610705,6,0
-1.62110312817529,-0.886103250761771,-1.25125631228747,6,0
-1.35420032860591,-0.449042639174921,-1.3344880160798,6,0
-1.27380415450673,-0.537781461467402,-1.40920898544477,6,0
-1.05367612854598,-0.793726602772306,-0.913679194358247,6,0
-1.43583092263882,-0.988169442449813,-1.45151893132844,6,0
-1.32946307743616,-0.459535051832152,-1.3158060872673,6,0
-1.4778827870463,-0.638126963950028,-0.795928032285625,6,0
-1.39116921706786,-0.894396406242119,-0.856817162957364,6,0
-1.33494821293183,-0.792290715607805,-1.49514362659365,6,0
-1.02364342540962,-0.851535487245415,-0.856498928904576,6,0
-1.10264417109422,-0.718278961982006,-0.840563590743132,6,0
-1.36158570215158,-0.46490697148557,-1.29698440856321,6,0
-1.44635876815574,-0.865924612934157,-0.854535334366398,6,0
-1.63825813995926,-0.872998263377405,-1.28281755271303,6,0
-1.62085305306184,-0.799114777042185,-1.25044043585707,6,0
-1.07118812347525,-0.951446574289179,-1.0559926226376,6,0
-1.46085169342802,-0.429389292545001,-0.898851977898696,6,0
-1.1836824319961,-0.978696978513874,-0.957771056769658,6,0
-1.44385770149433,-0.816778356323244,-1.45198858152475,6,0
-1.17604192205085,-1.06674228478386,-1.12109616312122,6,0
-1.17661816206524,-0.456001221405086,-1.46123014170673,6,0
-1.5256676128804,-0.739974225336511,-0.912327114620329,6,0
-1.46377853750508,-0.956819349382704,-0.983497253771728,6,0
-1.3718932951409,-1.03443635019883,-1.02458531177833,6,0
-1.19905146426432,-0.903912361907035,-1.44201810115798,6,0
-1.08004274026392,-0.500516709017068,-0.928616810429406,6,0
-1.11681058245505,-0.458684981742721,-1.22292386482545,6,0
-1.0655709923078,-1.2667147362875,0.536820093414722,7,0
-0.836055853424152,-1.52409912335634,0.142516757379811,7,0
-0.860337761847571,-1.55478451862074,0.160044180868227,7,0
-0.94927035750758,-1.04435244173028,0.454070271589708,7,0
-0.484187904861929,-1.16436209487806,0.281793324792662,7,0
-0.82851857274286,-1.06163693708687,0.604987835409913,7,0
-0.632978983985962,-1.25186482355887,0.749510821454722,7,0
-1.03718286435458,-1.36430757480206,0.777035099261462,7,0
-0.916107160127646,-0.911634302491838,0.524696969407825,7,0
-0.69252435044799,-1.61821186353381,0.630875186269154,7,0
-0.801846171578855,-1.29037190210721,0.0966609851452032,7,0
-0.95172086098243,-1.31111234577806,0.161642562020132,7,0
-0.986015606898275,-1.10844187571235,0.364158504477606,7,0
-0.561153093238212,-1.57429436206319,0.565716214176588,7,0
-0.811545040883049,-1.65403879329896,0.153451136638841,7,0
-0.462772011439924,-1.48237243643477,0.313731152577392,7,0
-0.934703115997339,-1.14452299488997,0.625671625228284,7,0
-0.740198884549814,-1.73078135275445,0.253670942210927,7,0
-0.568186678164794,-1.60228478012754,0.369900499824301,7,0
-0.666706887827478,-1.53630432376206,0.673568495643209,7,0
-0.699152904878762,-1.30138310235413,0.738314026527544,7,0
-0.500618577225736,-1.54633890671576,0.515184366907809,7,0
-0.57534052195349,-1.09075312811607,0.209597362194034,7,0
-0.522124939872828,-1.58053353621004,0.315612720067796,7,0
-0.802346037345761,-1.25355568245172,0.738899057567079,7,0
-0.645809922394098,-1.28141164679339,0.811361797708032,7,0
-0.699937434129164,-1.30108278356839,0.734810694026688,7,0
-0.651085033803141,-1.02230492110458,0.403691376626865,7,0
-0.817856325625266,-1.58745022086397,0.107509236507032,7,0
-0.769806831442475,-0.976455076421049,0.449525976225343,7,0
-0.460589910192535,-1.48361907010511,0.402720108989998,7,0
-0.872126057238119,-1.51820476179147,0.150286292674053,7,0
-0.980893347955532,-1.15252331586415,0.571896432106772,7,0
-0.777832728281498,-1.65636802547442,0.237507103962118,7,0
-0.461241860011939,-1.13985837047963,0.319360994978512,7,0
-0.677110387209953,-1.36065178435687,0.73764770491572,7,0
-0.89833477101336,-1.40845395689894,0.678594617811264,7,0
-0.525970363383728,-1.39980971324385,0.726267951840117,7,0
-0.697157640371437,-1.27501273327935,0.113592000573898,7,0
-0.412061389980775,-1.42624178528027,0.558307870010391,7,0
-0.602021856869354,-1.5680804534356,0.28805671367579,7,0
-0.93320748534045,-1.50635672531759,0.667989387910206,7,0
-0.714699703467036,-1.42474793489058,0.0924958886002869,7,0
-0.8213947260292,-1.34805435068385,0.0634732923948294,7,0
-0.597013167801502,-1.35854738171571,0.0865798917403562,7,0
-0.808161971242793,-1.5885455601163,0.228608804094033,7,0
-0.467489222883999,-1.12022265929455,0.437312791742615,7,0
-0.735210894548166,-1.19872352935307,0.0116007377494088,7,0
-0.997607009138891,0.751704856565268,1.27512194192676,8,0
-0.948466878270717,0.690693943165521,1.37037344953303,8,0
-1.29837217346622,1.1652466748096,1.26413781997879,8,0
-1.18919738082892,0.909282889721259,0.951620182924827,8,0
-1.01020810185563,0.903692561185078,1.4114191024994,8,0
-1.56782693705894,1.04151523788526,1.38735584839751,8,0
-1.2680242365,0.843556798375242,1.62726785938155,8,0
-1.62121178581976,0.793051041679177,1.23223945044333,8,0
-1.53495582701994,0.789580503513865,1.54839539799183,8,0
-1.43101123345781,0.939691851559064,1.01908385386247,8,0
-1.58459693732078,0.845356521994403,1.0903396204654,8,0
-1.2851059186078,0.685973273215509,0.9755475339745,8,0
-1.3632969235508,1.12552897556917,1.43386313273304,8,0
-1.50870380866707,0.810166031169823,1.57929288851593,8,0
-1.20935952115192,0.782956466584742,0.992390560449011,8,0
-1.0292743915876,0.630973784506127,1.15063544724846,8,0
-1.15042621713786,0.484863805346904,1.1400251053623,8,0
-1.18507527442006,0.845698203635799,1.62359563889927,8,0
-1.14194402993901,0.751329780204083,0.910659595984361,8,0
-1.00188033962872,0.877398025668017,1.01652889877263,8,0
-1.08972472183217,1.18692886837956,1.28170606173626,8,0
-1.1765407017883,0.545291926673026,1.37705187627802,8,0
-1.04093374225072,0.78938562145885,1.12683241835794,8,0
-1.50649124795074,0.6840779821993,1.50047328182311,8,0
-1.6233529656185,0.827762589004946,1.30282047965005,8,0
-1.27578194502417,0.588540435225156,0.934451654619989,8,0
-1.33659744458004,0.583118788413859,1.52053314051906,8,0
-1.03902170842803,0.947491160767292,1.0341791454828,8,0
-1.50678232363329,0.90570677442863,1.04064491588183,8,0
-0.996369104805098,0.767731626113956,1.14953511390927,8,0
-1.03518680842183,0.744335111489885,1.09882446426463,8,0
1.26564680508868,0.751624514822801,-0.427926753886218,9,0
1.29463793986535,0.764046788886075,-0.42307972239374,9,0
1.42844018518939,0.519199940681824,-0.961681794376782,9,0
1.46565264254674,0.460729607809847,-0.85478597619291,9,0
1.58385721186372,0.885692102020397,-0.530396393393111,9,0
1.01852260069984,0.738675845709563,-0.748484559928046,9,0
1.27350550390153,0.708227447122058,-0.393737110490626,9,0
1.6124787826417,0.96390614641508,-0.907017279697419,9,0
1.26849363669643,1.16275695492461,-0.815966667973516,9,0
1.30725730139257,0.77125944207152,-1.10432188639078,9,0
1.20504158561946,0.998006112806534,-1.03195945311187,9,0
1.32867303346558,0.990585585574085,-0.502318456968328,9,0
1.29877746099943,0.891473964574989,-0.453829033979215,9,0
1.24641076166559,0.774532147790927,-0.448991164832058,9,0
1.5264920666651,0.616526453768999,-0.629931439830065,9,0
1.21778729356725,0.568928691053305,-0.924065310620023,9,0
1.25818898543543,1.23295560020535,-0.953443320559098,9,0
1.55091768471907,0.791120759085871,-1.11406140446113,9,0
1.55910780713068,0.976033660981707,-0.980461354708549,9,0
1.35817365737209,0.682249582256927,-1.16789293167657,9,0
1.436040296007,0.959597121829419,-1.07192823645131,9,0
1.50568551385927,0.848826196437734,-0.484593048944668,9,0
1.12655804373661,0.976555545488174,-0.950290568737063,9,0
1.36323047240989,0.440014388957268,-0.730507144037421,9,0
1.14730103839616,0.582136402670946,-0.694709146441676,9,0
1.11539775516175,0.597384352082332,-0.870553733393302,9,0
1.42842547499084,0.611633724236402,-1.06363085625109,9,0
1.61760480953603,0.442829848284476,-0.776203699973798,9,0
1.65870306613556,0.735040935888797,-1.01864250744114,9,0
1.29872607929069,1.10705334445022,-0.977012522002772,9,0
1.67364283057673,0.926805988759653,-0.594431740000391,9,0
1.68440092557767,0.82161124096522,-0.975670152823759,9,0
1.52977438041314,0.783072083753828,-0.433245837200997,9,0
1.18082726882459,0.932799900245896,-0.402673211986617,9,0
1.24698871088913,1.17640327143204,-0.770800470668508,9,0
1.22393864006942,0.663198489419271,-0.532359200305746,9,0
1.36831125829017,0.476085063855604,-0.700934184439518,9,0
1.0880809743323,1.10730403427184,-0.761570418066787,9,0
1.07015070176949,0.7852562847973,-0.557880451943505,9,0
0.454547489915501,-1.36165864454963,-0.338933271344999,10,0
0.560136565305196,-1.18402557090423,-0.0447528353919281,10,0
1.0547928955488,-1.28173310105683,-0.118834524997952,10,0
0.913319957559714,-1.14212697049689,-0.0859990844949294,10,0
0.850212313123985,-1.64806977263067,-0.513653844302731,10,0
0.474335564021919,-1.23408017427299,-0.267794409649359,10,0
0.417270549771518,-1.30213946933915,-0.289223163283323,10,0
0.425932335954486,-1.30151998517838,-0.377167149829278,10,0
0.991107268071844,-1.50735604710588,-0.158093040311661,10,0
0.498789240255579,-1.12360366062346,-0.528393768485167,10,0
0.965187498471293,-1.26950239587514,-0.079500070536011,10,0
0.655836020486548,-1.41948377442608,-0.688016639186611,10,0
0.867365761574519,-1.26749519236984,-0.0406283569103531,10,0
0.973600315550978,-1.3112821707879,-0.109905908818006,10,0
0.542017433961484,-1.2665290985881,-0.546714394016976,10,0
1.06631504007015,-1.39254546327597,-0.167023162323042,10,0
0.887214319446162,-1.2387656335316,-0.0546471684063262,10,0
1.11176056356185,-1.1253124213788,-0.357475969735159,10,0
0.485192621855734,-1.52288417819437,-0.346570581855886,10,0
1.06077014835674,-1.50980892094783,-0.488294594848583,10,0
0.682786057490029,-1.48099158456121,-0.661394856404609,10,0
0.771853936352861,-1.48166772387575,-0.080544455467919,10,0
0.559457468415202,-1.56373221822184,-0.445674994972025,10,0
0.98709366221401,-1.57023219474084,-0.278784997818801,10,0
0.957223870325743,-1.48723109258145,-0.695067957455158,10,0
1.00099672523905,-1.2645145414781,-0.736379869460701,10,0
1.06011832424782,-1.24985323365833,-0.105201332684476,10,0
0.965956175082102,-1.09339101806291,-0.473036371317579,10,0
0.768964862533818,-1.36931354848765,-0.774415000087482,10,0
0.670141274677115,-1.39963143540732,-0.757882624918112,10,0
0.69654599096428,-1.43924612048893,-0.666480363630758,10,0
0.777228596261268,-0.995165384777176,-0.449010468857175,10,0
0.852138419071104,-1.07711634086876,-0.149956535471028,10,0
0.598922701397429,-1.02492991596031,-0.361702883403178,10,0
0.691130882405162,-1.26458729016604,-0.677681397862538,10,0
0.678350909639163,-1.65143069461387,-0.357731874088395,10,0
0.663026626880405,-1.61517021991791,-0.242931941069442,10,0
0.523349698393009,-1.59942960178939,-0.476595014365171,10,0
1.26367356501779,-0.957801157035669,0.618655112647552,11,0
1.4766855456548,-0.441336213867238,0.897650529256409,11,0
1.23984301563105,-0.898781953923184,1.19582825356689,11,0
1.33190829511826,-0.717225787897968,0.544263506880513,11,0
1.46181794211334,-0.419251821866048,0.837544154504878,11,0
1.12174928490239,-0.897482071120632,1.06302366770498,11,0
1.07601323443714,-0.912940510971228,0.782295413038641,11,0
1.31407048757307,-1.02758912389221,1.10316109378127,11,0
1.04797824074837,-0.855891659576004,0.808589742546702,11,0
1.30688630588176,-1.01736423512726,0.706001851392154,11,0
1.1545110944596,-0.81380957459283,1.13121112005926,11,0
1.10817899882897,-0.990382323953681,0.844457939044084,11,0
1.41446639537465,-0.56407065069885,0.609865966110197,11,0
1.10861130621792,-0.537699807467873,1.04029912498266,11,0
1.40713065036664,-0.413130259842081,0.871312494270486,11,0
1.03243908139423,-0.973975763124544,0.826150516005414,11,0
1.1896890199126,-0.576218058229051,0.671573346120828,11,0
1.14624260013681,-0.660150411121804,0.637026115708443,11,0
0.985966568812623,-0.91990266088679,0.921451587404596,11,0
1.18990805343562,-0.708210979323398,1.25396263100084,11,0
1.38453777977957,-0.446177741379817,0.966454377876569,11,0
1.4024905071203,-0.817674789897135,0.511366596220939,11,0
1.4352782761259,-0.423513868723664,0.656705917458988,11,0
1.45127852051638,-0.876866295189493,1.18081883731593,11,0
1.60664258947832,-0.580547278682975,1.09194282954439,11,0
1.31938532938833,-0.494769190883953,0.699760915959268,11,0
1.27012506050453,-1.07632709058349,0.828572572951638,11,0
1.15923820607694,-0.737788438917885,1.19732715954401,11,0
1.40471761713468,-0.875697475311749,1.19481491259186,11,0
1.43299007040952,-0.96681660842052,1.12884125023931,11,0
1.03165672868005,-0.863058842182523,0.979212723007849,11,0
1.05461621110828,-0.777987117336563,0.939343344686173,11,0
1.30790376720272,-0.59371938781072,1.2135373159992,11,0
1.2474389856748,-1.03870462199553,0.793241462841954,11,0
1.24462008921846,-0.413819015669618,0.915618017231104,11,0
1.43143126382346,-0.853181221880558,0.555113794721197,11,0
1.38343931487152,-0.904351633161894,1.17982435358568,11,0
1.1851368727251,-1.01974743171601,0.803664701199765,11,0
1.37828017556305,-0.963589448690679,1.18630833312025,11,0
1.62145097329379,-0.944023434966352,1.11730103036572,11,0
1.2517814232126,-0.593751948734862,1.15467309170441,11,0
1.49409599266531,-0.70013704649992,0.595100592382491,11,0
1.072750012473,-0.806888875013183,1.10725290479214,11,0
1.25552412849095,-0.963376671795031,0.639076721682546,11,0
1.49634719113512,-1.00216054214346,0.725116692828351,11,0
1.12772581057254,-0.654894297010632,1.08511860647383,11,0
1.2397904927003,-0.788920118520775,0.488207667367382,11,0
1.52117037823786,-0.94200193128958,0.666065881512153,11,0
1.29916609960344,-1.03626795509315,1.14760694573874,11,0
1.23108353420124,-0.578406365555613,0.617661415509798,11,0
1.21460531320263,-0.613221512907745,0.626616213756692,11,0
1.23285886461239,-0.658670667408088,1.27480935956348,11,0
1.38882870184706,-0.785895457292772,0.554958433326264,11,0
1.27444461667229,-0.561875038448345,1.26413618157914,11,0
1.35502915919837,-1.01325906014129,1.09754548137216,11,0
1.08115818214579,-0.888124515222469,0.7573239916539,11,0
1.61996914945633,-0.698950205263146,0.558765019635206,11,0
1.45868250116398,-0.795928560908396,1.20251330005976,11,0
1.46081493339663,-0.847814309595844,0.545598787178973,11,0
